0.008524587382924472,0.009554176262759131,0.009223161083337079,0.009573763665527606,0.00967458867464269,0.009446735287314463,0.01005361078739328,0.009321887989789026,0.009633588220217145,0.010533031686947775,0.009264105701181273,0.008880801331320024,0.008377219800298959,0.009119329913337146,0.007845279820241921,0.009135040831336656,0.00975621711862795,0.010408186804035706,0.010986565536480438,0.009295992111210172,0.008710566514372653,0.009671635413247089,0.009165997818051138,0.009712958289408446,0.009226935275115006,0.010304866615751902,0.008467187772641183,0.009076531407894968,0.009681085160626187,0.009897117527375111,0.007783554018697521,0.010070970480486996,0.010518499621583246,0.012601496957508836,0.00865871188083359,0.009162699044210692,0.00963837291849816,0.008265467374879465,0.008775152509257783,0.01185331968474612,0.009174473130730625,0.007623874775510462,0.009117793688412682,0.00955082087938125,0.00863148466057495,0.009482781060427752,0.008572386657685312,0.009125541580604616,0.009482853992722418,0.009257600638621374,0.008429393961083003,0.009566223470592166,0.009313349020453394,0.009324712159432837,0.010706438416711213,0.00899414743418368,0.008545249776761332,0.00984189128595451,0.009921338022249187,0.010714040412638457,0.008877647340735427,0.010250825558215096,0.008727916682243967,0.012074346522317111,0.009134763671937152,0.009033238474834417,0.009851008111318248,0.00939126113516932,0.009885352968711271,0.010423979687145138,0.009504805648932057,0.008972458544863364,0.01053069506229709,0.009569469717688182,0.008902172618455459,0.009231295745328685,0.00948050639420394,0.01030000454920898,0.008471258304276546,0.011634846446317468,0.008740814193972237,0.009310426457435118,0.009100691536602342,0.009802998574209045,0.008311688394805826,0.008013050864923852,0.008823446682185942,0.010438225709256985,0.010753408298606243,0.009097847350646955,0.01045331040645328,0.008343765031882994,0.009714922464990434,0.009187274296008616,0.009958747334366134,0.009528961707115544,0.009873485521230355,0.01130155676339936,0.009205940847118902,0.009489073991559946
0.008968859708074131,0.010072077259618123,0.009721097063302387,0.010097625478866563,0.010204548818697198,0.009960974006185699,0.010632041312771194,0.009822743371211036,0.010165844509899193,0.011114159437654956,0.009765509372262145,0.009359440718450745,0.008821785795616207,0.00961367696033866,0.008254374094354984,0.009634815890212966,0.010296301642878116,0.01098614133047768,0.011607222498561144,0.009798858344654255,0.009184202028243391,0.010201298422364889,0.009662359867736881,0.010246133060429758,0.009706700441927549,0.010879326920824014,0.008916843604977485,0.00956300736383307,0.010205425780761442,0.010443767550849947,0.008197995941290318,0.010634516223171494,0.011115087664569001,0.013350554436477192,0.009136075434429977,0.009647601345917573,0.010162201222307135,0.008711257634051691,0.009250598665635896,0.012536771412054984,0.009670590772081863,0.007994935352950242,0.009613500840367727,0.010069276558653023,0.00909338212833306,0.010001740821113339,0.009022184159749294,0.009621951524161928,0.010004178031425311,0.009756150034409272,0.008875226349306056,0.010083210416693673,0.009812024178139886,0.009846416940580303,0.01131898250455487,0.009478592587029171,0.009000369874009057,0.010390144851809544,0.01047261616996369,0.011324727749501898,0.009353765714427736,0.01081787366691746,0.009199955826887488,0.012779032070644758,0.009630166471611142,0.009518134466245984,0.01040484291140538,0.00989609575967844,0.010433377782987968,0.011005054423768,0.010023980012193552,0.009449477369403035,0.011122041966288958,0.010119010725852874,0.009374754080470067,0.009739704956854079,0.009999251798396818,0.01087255477853961,0.008942439929108608,0.0122996110562139,0.009195947265560795,0.00981690812392166,0.009592224319529956,0.010344092410932084,0.008759271442562501,0.008436342449212654,0.00929992429387441,0.011018660519958224,0.01134886424413918,0.009593053739968915,0.011034475054575662,0.008780982826820544,0.010251216032031447,0.009668886897096957,0.01051048406043729,0.010046283004435209,0.010440095803761937,0.01194460968976756,0.009707985584916303,0.010010530566020016
0.009075469345217003,0.010185015064158379,0.00983487578304843,0.010213701710009675,0.010320991680639062,0.010076780880129232,0.010762083527378839,0.009934461539011941,0.01028438762294621,0.011228073707247271,0.009879988863614502,0.009474884243327146,0.008935656753566387,0.009729358266676728,0.008365348686112176,0.009753230288114504,0.010415390849079604,0.011102773706320122,0.011727197251034112,0.009913281176613728,0.00930217773279174,0.010317811988141204,0.00977776105410902,0.010362868711293551,0.00980784276977488,0.010998433567915569,0.00902967495479816,0.009675682025188594,0.010317839210336539,0.010561461575242908,0.008313635075121764,0.010755911358158428,0.011238650284174822,0.013484655842774149,0.009257488487145998,0.009756065888989519,0.010276074542282812,0.008828541280877955,0.009367440547685638,0.012660544478406564,0.009785364699893967,0.00809073542117479,0.009730575472226779,0.01018329000079762,0.009207359645901365,0.010118815243306758,0.00913090549718477,0.009738470852795646,0.010122742339679898,0.009869561378942572,0.008987607590974594,0.010195575118789041,0.009923414711987938,0.009970031231213566,0.011444962831792771,0.00959315739279672,0.009113447067442016,0.010511369206586896,0.010591918111504879,0.011449930130593748,0.009467860585914556,0.010934315096043598,0.009316493258801881,0.012907005980892115,0.009746164386523343,0.009631249554625614,0.010528473373233847,0.0100078774452367,0.010552494546217997,0.011123608787866873,0.010140152471316635,0.009560288522835088,0.011242444231643186,0.010248440350994675,0.009485530688385214,0.009859289071010986,0.010116035924977427,0.010990502937566232,0.00906578692352278,0.012420828765944237,0.009302023216682017,0.009932161417928917,0.009706664818517431,0.010462298988232276,0.008875990157010917,0.00854977200775094,0.009415589128049904,0.01113635773642808,0.011462260553518969,0.009709747682461217,0.011150841742785432,0.008890729650537482,0.010369556246510186,0.009773381515658085,0.010628486667186354,0.010160460886906883,0.010569626307080682,0.012066036929302347,0.009824734095123017,0.01012792488238639
0.00906945883988557,0.010188119490524838,0.009842381524773437,0.010225011017984661,0.010331951588614888,0.010087350445647646,0.01080800219365574,0.00993566805513716,0.010302432755303906,0.011226531109807644,0.009888973598522033,0.009489128742868209,0.008949379387967452,0.009742770172270682,0.00837676614103372,0.009773927442056256,0.010433422919255477,0.01111011568527199,0.011739741340267637,0.009921424983934111,0.00932558804224431,0.010328853300999865,0.00978962713210362,0.010374659390875403,0.009781670651039388,0.011012408221744171,0.009040694249073295,0.009680926729007963,0.010318111469652402,0.010574726195226605,0.0083395111518937,0.010777755267608265,0.011263966589600747,0.013524400638858755,0.009291526484325338,0.009748810928518675,0.010280612929758846,0.008854191538866057,0.009387091327355223,0.01267810944091325,0.009795568838515829,0.00806156452695995,0.009747237506419917,0.01018866430084599,0.009220356945898655,0.010132904734392871,0.009129838219801806,0.009754377119171249,0.010140868101730982,0.009875149706498465,0.008997134885818065,0.010196403491820072,0.00992274968499286,0.010004221894523772,0.01147536487777391,0.009604249796525997,0.009124529608837216,0.010534061523065784,0.010609648834560854,0.011477392529251172,0.009478333321388746,0.010941658125251405,0.009335677875568753,0.012934303581496,0.009759939042152577,0.009638424893806704,0.010558145680031602,0.010008223485559211,0.010569504939544625,0.011135041555941303,0.010151920949786848,0.009561169114281556,0.011258774908144748,0.010298093894215612,0.009486775751462662,0.009882796959701795,0.01012965281285217,0.01100152578910177,0.009108047396437223,0.0124327479525003,0.009291688313871898,0.009943495715916349,0.009716978883307272,0.010477187649826697,0.008899649379492164,0.008566527754990023,0.009431549507328994,0.01114530012186785,0.01145862855339697,0.009726431500673677,0.011157491932339617,0.008894338852388715,0.01038586469709514,0.009756061530204625,0.010642511758190193,0.010166385091169124,0.010615869543493221,0.01208019505880268,0.009840698063601208,0.010143967720220748
0.009503641780386896,0.01067784751227919,0.010321738237691835,0.010724003027354793,0.010835230796912957,0.01058011531318191,0.011364124433884907,0.010413002018833625,0.010810868687533564,0.011755598503814985,0.010371674798460788,0.009960026410223624,0.009397086227784205,0.010223476363500671,0.008797988930888442,0.010262799117185705,0.010947486453439372,0.011642315657109846,0.01230323479550755,0.01040490390492395,0.009798156087552941,0.010832088135970766,0.01027101646791744,0.010880388228669852,0.010226882044354036,0.011546953836258613,0.009489528169740254,0.01015144155374587,0.010810719964137721,0.011090204603589277,0.008772499317235217,0.01130989307757478,0.011819522950473907,0.014187983145248315,0.009772521184177142,0.010210636941327447,0.010775565330399231,0.009308915899524832,0.009858647091621105,0.013285489149810764,0.010275665766582022,0.008431509615090699,0.010231287990707372,0.010680663133332364,0.009678615081371576,0.010630780407206317,0.009571204670648894,0.010237799206262707,0.010642849445105636,0.01035421111688787,0.009442851002651813,0.010684510576260504,0.010398145586874852,0.010515471010488277,0.012044652456256744,0.010077016942847405,0.009577111587970047,0.011056818094461036,0.011130764043247593,0.012044223838326604,0.009945271832172205,0.011466984748866782,0.009804658976738937,0.013561516353094431,0.010241839939756187,0.010108805024692236,0.011088490273118682,0.010488042215659603,0.011088360695107052,0.011672475410853627,0.010648293102805621,0.010022611868361165,0.011805652934568409,0.010835969589428236,0.009945524803532457,0.01037895135240983,0.010626876516125249,0.011532841883851563,0.009588838318874287,0.013024596666246219,0.0097313096019261,0.010430648567227526,0.010193742051475049,0.010990262661527585,0.009354409148895541,0.009000752413024383,0.00990160391979464,0.01168081782456132,0.011995281219907668,0.01020949381428192,0.011691081907605377,0.009330067505923391,0.010896348365127321,0.010208588885864484,0.011161569158770774,0.010658006604165689,0.01116408454618022,0.012659520366496722,0.010327929604105694,0.010643926542358916
0.009352783710922456,0.010480831893464779,0.010143297257417335,0.010529738591873599,0.010636782775363937,0.010393433725167196,0.011160185072667724,0.010226890164841662,0.010615628287589548,0.011508539478848412,0.010191974404571804,0.009801803493597645,0.009263302923844271,0.01005270228807073,0.008686941082227386,0.010094384122558793,0.010747139150623508,0.011403825109335262,0.0120376705598997,0.010224291411781026,0.00965104368526167,0.01063398835838573,0.010098167643263387,0.010679744280766013,0.010032853143419153,0.01131777923404355,0.00934888712539694,0.009979777745368975,0.010606937123343523,0.010880747179981118,0.008668765134242694,0.011095758690464648,0.011582926203143717,0.013849933937852436,0.009631183216980227,0.010030242268418933,0.01057548855153061,0.009183449369787645,0.009706753209636317,0.012977009957911666,0.010101623398189333,0.008314058057246942,0.010062822199932923,0.010485775593714951,0.009530749494799377,0.01044317289537498,0.009420637668022511,0.01006716984252543,0.010456907012052673,0.010174292758400483,0.009304271489445423,0.01048699118397072,0.010213648444148472,0.010342579639172815,0.0118010493123556,0.009911782116315472,0.009433170588998842,0.010854936971004002,0.01092161255333809,0.011800459058338663,0.009785818348118655,0.011237428434652155,0.009654949951990273,0.013245596499345381,0.010071195464396466,0.00993924674663893,0.010888528168360065,0.010299330349214729,0.010881470701892175,0.011436791466904498,0.010457994325702888,0.009854376699873303,0.011565116838451297,0.010654806690878524,0.009781217120536612,0.01020682569605698,0.010438684263299745,0.011302500627853726,0.009457987651366179,0.012725320641324646,0.009569639905308356,0.010248959965621769,0.01002254219189622,0.010787036171674978,0.00922591841181682,0.008883957978731954,0.009746176870307044,0.011443434885174533,0.0117349330548576,0.010040723166189522,0.01144978326555576,0.009192182334354712,0.01069743993983584,0.010021210024400665,0.010949035344751909,0.010464602829174384,0.010968473706297823,0.012378983115694811,0.010153712604255532,0.010455116988861694
0.009443395988066256,0.01058226156244281,0.010249179754036247,0.010640159320850618,0.010747149764881295,0.010503451602608517,0.011309848551994102,0.010325894163737581,0.010733213851967346,0.011606160757878337,0.010299475521355177,0.009914797259220969,0.009375138742060182,0.01016489477819056,0.008795366013516106,0.010214638483544626,0.010865118327560166,0.011510146072011203,0.012150348862240177,0.010331435880994994,0.009773995139230255,0.010744430306236135,0.010209129999397276,0.010790745784217903,0.01010224709421081,0.011431765705751938,0.009457538340042078,0.010083138275956941,0.01070550982955874,0.01099350258239056,0.008792543752711261,0.011218333145239732,0.011709224309000833,0.013993627093401606,0.009765627098699207,0.010120541272256815,0.01067840506877525,0.009308178651497552,0.009825379462271178,0.013095743514719468,0.01021086856621431,0.008378073756844268,0.010178754364420006,0.010589872822294915,0.0096418098352261,0.010556836412493501,0.009516582384744015,0.010181821222655487,0.010574934105457014,0.010278326598861178,0.009411458773673942,0.010586313184987794,0.010311482854392014,0.01047821931566199,0.011933396289684326,0.010021433865558501,0.009542497801428962,0.010978273126771224,0.011039310272931997,0.011930058664872593,0.00989475410361278,0.011344073573525442,0.009773092656715478,0.01337514127052522,0.01018412613003981,0.01004426916641198,0.011019797651547711,0.010398110767913478,0.010998530161767212,0.011548490521341943,0.010568816580718808,0.009953029438965633,0.01168133940298497,0.010807503431496333,0.009880467875446957,0.010330593131242181,0.010551681609331632,0.011413288390389673,0.009601042462736475,0.012837716828262482,0.009655902485978661,0.010359111123125658,0.010131527476793632,0.010901902182279264,0.009348464301247864,0.008998409618426706,0.009861074420581236,0.011552364381791096,0.011830109898079387,0.010156493176344124,0.011555681202874668,0.009292635092625099,0.010813596066199973,0.010100317398555839,0.011062865455908151,0.010569402795540445,0.011117937792281403,0.012493852137860868,0.010268933122837451,0.010570559384965358
0.009417782266760833,0.010537771325769085,0.010215007804279197,0.010599745341626504,0.010704773580782158,0.010466686153641118,0.011276686465162987,0.010285925475237108,0.01069444471283245,0.011536444563071001,0.010265197485665272,0.00989255297501379,0.009364290800713217,0.010136334379818708,0.008794246633794032,0.01018966979374079,0.01082408124911871,0.011447095232249536,0.012076156392916726,0.010296693534512744,0.009760056837063932,0.010702254936217116,0.010179267863007407,0.010747454017907193,0.01004939070556145,0.011375634896915482,0.009442326028283626,0.010051496301526104,0.010656941483624813,0.010946478576664595,0.008799479198455123,0.011172068971349274,0.011653146896987363,0.013893701885432026,0.009757875398944368,0.010080789160607846,0.010632920732245974,0.00930511041838929,0.009807813288404296,0.013002585093409508,0.010179907947770118,0.008360325213056484,0.010152503512430982,0.010547289082351757,0.00962386039132016,0.010520685931217532,0.009492764397092842,0.01015402867982068,0.010540907837603399,0.01024295527293831,0.00939685420820655,0.010541017892330303,0.010272090785784605,0.01045573379300742,0.011875802075126892,0.009994792806363012,0.009525958008743349,0.010938177098057783,0.010993912566334786,0.011871655992647718,0.00987069952408868,0.011285508511435314,0.009756437371597048,0.013281648723355534,0.010155911370694536,0.010014077634887741,0.010983007887218708,0.010356919566162763,0.010954083157405172,0.011488567894962207,0.01053045619963964,0.00992161920276017,0.011620326338449663,0.01078603554524811,0.009851159588608448,0.010304910587827234,0.010515010468529812,0.011355613459872762,0.009600804117351917,0.012747113603183598,0.009623873839774503,0.0103246393352707,0.010101790843140406,0.010858589587024497,0.00934328115499033,0.008996376018951006,0.009840710621884971,0.01149078393668475,0.01175314483120944,0.010129957821847738,0.011491137467038804,0.009276241759898786,0.010772709119610382,0.010053687674417212,0.011014670386766576,0.010527762030705814,0.011088666184599293,0.012413114402705615,0.010239625970234952,0.010534249528945362
0.009185834796234112,0.010275453654403735,0.00996802467501575,0.010342952480479988,0.01044429645017372,0.010214400842168963,0.01102911830120586,0.010030543065538158,0.010440342625812074,0.011235367744005216,0.010017845797915592,0.00966315545575715,0.009152657691249068,0.009897557895260251,0.008599636469904973,0.009955881292890299,0.010565792146458556,0.011156634823445878,0.01176866254533721,0.01004795261872309,0.009543677475051814,0.01044195925356046,0.009937955775069094,0.010485975598065408,0.009776843141346865,0.011094362771862206,0.009225073655341896,0.00980821835110398,0.01038802896229564,0.010679388152376863,0.008617612776388813,0.010905346814965387,0.011372366347422537,0.01354765899165543,0.009551223195932015,0.00982530896770582,0.010368607587094122,0.00910626701613894,0.009586101628980482,0.012667103018797794,0.009937072996165041,0.008143107196184246,0.009916438237315818,0.010287023783836427,0.009402208934021272,0.010269558295024843,0.009262824100913577,0.009916695482562327,0.010292799040023863,0.009993508595404743,0.009180046307559024,0.010276859036562827,0.010016299979173863,0.010225429659684133,0.011592240869376201,0.00975889563602288,0.00930627441027624,0.010680486542846783,0.010729297561675403,0.011586005447413603,0.009638625307350957,0.011001129159885185,0.009536128323847506,0.012945426656898087,0.009917109690754452,0.009773512756549705,0.010730355923796977,0.010098857445555878,0.010690414395761341,0.011201309421655752,0.010276531093505991,0.009678912412185294,0.011332223397100164,0.010558203024080995,0.009611452717042704,0.010069934777101172,0.010263472451149652,0.011072284349371889,0.009406795877586046,0.01241539024485766,0.009381108618121548,0.010077328527387953,0.009861447844635761,0.010596464142507577,0.009141242170831794,0.008799774544775159,0.009614647174556483,0.01120110090360369,0.011442137697171704,0.00989439463715078,0.011198639292844922,0.00905784326856964,0.010514681319645135,0.009789418723490774,0.010745981993352267,0.01026878921282239,0.010847580949569623,0.012095486637369823,0.009999697753480917,0.010283981635938038
0.009096508830467486,0.010156783512914713,0.009862970812155359,0.010228120239113923,0.010326469766384965,0.010104505992509566,0.01091661493491205,0.009918706058741315,0.010326522275862752,0.011081614764922877,0.009912253984361734,0.009573456321333551,0.00907943426482905,0.009799142391849695,0.00854157543697656,0.00986087558974423,0.010448455978138971,0.011010719267306358,0.011605749552087917,0.009941619925155559,0.009464073883331545,0.010324351787462957,0.009837796340956377,0.010366824299499198,0.009653237266603663,0.010956380483049772,0.009146591953442898,0.00970717081487485,0.010263989566114426,0.010554647038198684,0.00856823570523796,0.010779582678529432,0.011232218180112141,0.01334228266427214,0.009478347780562776,0.009715350661672261,0.010248026142761492,0.00904205295867809,0.00950216954121925,0.0124764265586875,0.009835754279379412,0.008070609742773316,0.00982032200738274,0.010170257541241302,0.009319348794468304,0.010159894596124848,0.00917474959902198,0.009818948891632304,0.01018523632466653,0.009886896711541863,0.009102545934406145,0.010157267288017977,0.009905168020248111,0.010131049285323497,0.011448672571063084,0.009663670667083528,0.009225755829401685,0.010563187395259233,0.0106059424215713,0.011441576257392491,0.009547160497207939,0.01086129733678583,0.009453599068493095,0.012752069199257548,0.009818898330322488,0.00967432281250233,0.010616311840307141,0.009985151240015793,0.010568367648653315,0.011058369452790841,0.010164419564271835,0.009579173325937109,0.01118701530252205,0.01046233888010417,0.009514561752696122,0.009973314434600816,0.010153314689473284,0.010932834849309703,0.009343386846484825,0.012229517796626229,0.009283115361714769,0.009971119418558917,0.00976208962015344,0.010476399972480958,0.009074434936161788,0.008739094157909584,0.009527472851446468,0.011056358163798833,0.011278937594434789,0.009798240189346878,0.011050836227045571,0.008979448607864813,0.010397939672997352,0.009672391772268848,0.010619498083893092,0.010153197355570746,0.010740769721890222,0.011922830189471543,0.009899693655657368,0.010174123068386214
0.009321870947321582,0.010390239915519564,0.010101285008134925,0.01046968067582683,0.010568139010949815,0.010346529093228985,0.011191063091182318,0.010150664046664494,0.010574016238326874,0.011309569479209679,0.01015202205249481,0.009819019596151817,0.00932494761533488,0.01004335491314162,0.008783964291483795,0.010112202935462751,0.01069637999367281,0.011246523590531216,0.011845511903002983,0.0101812546929239,0.009718214335517983,0.010566188508628767,0.010081053575407926,0.010608810393143028,0.009858118317385053,0.011199646024396596,0.009388566403679384,0.00994374652451615,0.010494941456323176,0.010797649143154477,0.008823696711392989,0.011030927537766402,0.011485206363408789,0.013603565363106303,0.009742192783856005,0.009940214923533737,0.010482975102292416,0.009298153690317588,0.009752454840458337,0.012718637728947178,0.01007737333420451,0.008273330772064946,0.010068216523347032,0.010406510418241761,0.009563131643748283,0.010404889370563056,0.009405137544082245,0.01006514983999269,0.010434122765806091,0.010123924169708505,0.009343614366312859,0.010389154625525834,0.010136636749659932,0.01039498387854332,0.011706508424621082,0.00990598603149359,0.009468183953946016,0.010815966690751062,0.010853062328040449,0.01169747421493613,0.009789187273024217,0.011098036689430256,0.009703543248491766,0.013002992514188244,0.010063944363162184,0.0099122481453306,0.010875640978036241,0.010217035632298607,0.010815309645045018,0.011299351720614997,0.010406689197421104,0.009811731133790465,0.011431454964265519,0.010739406280933336,0.009747821540582433,0.010227328277103702,0.010397540981725711,0.011173161173453608,0.009614206702842389,0.012467011715576333,0.00950492618238054,0.010212779255770873,0.010003350062615888,0.010721701445104405,0.00932857083419652,0.008986665887336149,0.009774425705768055,0.011294914506525722,0.011503675123016302,0.010045443028238156,0.011285839498345865,0.009214222089644543,0.01064435184859692,0.009886508311476373,0.010863044949572841,0.010390143882988182,0.011015263284399253,0.012163718469146996,0.010146212455112638,0.010419990922766588
0.00927128962508223,0.010319364374486242,0.01004507420392531,0.010407354343325308,0.010502668145782202,0.010287617648955295,0.011153270818247189,0.0100844745223873,0.010517142325886073,0.011204776144808722,0.010096230685799875,0.009780501736732923,0.0093006584975823,0.009996756047954573,0.008772340436859377,0.01007325758410546,0.010636123708506678,0.011154653641714755,0.011742244874391324,0.010124034964432366,0.0096949079762359,0.010500900497449792,0.010031710275509555,0.010542870007011342,0.009764421206354143,0.01111859680950349,0.009358276006651485,0.009889461174399792,0.01041730481861803,0.01072784107930928,0.008829544163788125,0.010965652850554338,0.01140999714265369,0.013481444389520548,0.009732048214283919,0.009869887892402097,0.010411123063715461,0.009290230835117385,0.009722855441879646,0.012594817381950727,0.010025989023382484,0.008222927058248487,0.010025460821562483,0.0103384453009744,0.009530265978079277,0.01034860968253709,0.009358604197791429,0.010020873261481053,0.01038227968450179,0.010064800335514022,0.009312988435663517,0.01031570754939033,0.010069348020594896,0.010365609308853907,0.011631549971765137,0.009860613505107058,0.009436088677402822,0.010758496036986386,0.010787474411943205,0.011619461282776685,0.009746642616939676,0.011011193378110426,0.009674883186648916,0.012883196367248153,0.010017569489236199,0.009861046615916006,0.010825764494849427,0.010148371588102183,0.0107501744069284,0.01121221353335732,0.010346914843077848,0.009755781866288895,0.01134584601203214,0.010719493504251462,0.009694575265790694,0.01018890942589402,0.010340666900597517,0.011088992081571814,0.009618407144000083,0.012343568998397406,0.009443366708122463,0.010158209292334795,0.009953989444333797,0.010656820621963126,0.009317039012223388,0.008976072872475522,0.009739530408193278,0.011204563677641804,0.01138969389558264,0.010003091773703418,0.01119201422500291,0.009179326116626647,0.01058349994537063,0.009803974838674146,0.010792358451199474,0.010323430740792762,0.010982855125371952,0.012052939142091323,0.010099969597323162,0.010365318501930006
0.009343878063784145,0.0103956764154118,0.010129006208680041,0.010493582764209138,0.010587866807344914,0.010374167392070774,0.011279737160691831,0.010159887824689861,0.010611075355550045,0.011268802985388062,0.010181629745055834,0.009875135509302689,0.009398103398057068,0.010088629587782403,0.008870639204183097,0.010174048581020466,0.010729350219763487,0.011229732697133179,0.011819861221677191,0.010208632617943693,0.009802347823189455,0.010586177814860947,0.010121693241638688,0.010628571277964209,0.009807394419502437,0.011202883219925273,0.009451588495748516,0.009971663944047311,0.010489262819854014,0.010814075780543806,0.008945911975871303,0.011061457573018837,0.01150661036451521,0.013581112919291564,0.009853041612322474,0.009936559484390753,0.010488331158075967,0.00940348198134093,0.009824876141521135,0.012672511193123143,0.010113986563969956,0.008272842524828461,0.010121414418601022,0.010417614293084314,0.009624970022898723,0.010439067210200057,0.009436710417776334,0.010115530156347445,0.010477647252270086,0.010146214096032984,0.009404831322825684,0.010389373951528825,0.010143198491427684,0.010482312490802894,0.011733408382040664,0.009950586720983035,0.009529489179026485,0.0108569186339467,0.010879131691704251,0.011717942288214584,0.009836707548380055,0.01108770526431792,0.009776743241236273,0.012971272608706742,0.010110038751629045,0.009945596428112725,0.010933129902691041,0.01022279802812338,0.010841280209011593,0.011292876229750443,0.010434088309731455,0.00983350352268208,0.011430983280924078,0.010853741845849361,0.009773512123868136,0.010292938262723343,0.010430471823434274,0.011169748031766801,0.009750969853659716,0.012415823408388281,0.009509008274941297,0.010246343631391427,0.010042416945337763,0.010746048276554187,0.009427436141197898,0.009079761612612513,0.009836922637973224,0.011281988448014736,0.011449442076684238,0.010099241121338642,0.011266292907341165,0.009264432052275184,0.01067500450206629,0.009858069166439207,0.010879375032143706,0.010403543208080446,0.011110660367624616,0.012130449801408325,0.010194596941262584,0.010458004390224254
0.009238341984373923,0.01026024237561729,0.010008959740411988,0.010363921778158513,0.010454631839639935,0.010249216495799622,0.011160348922308145,0.010031233409493075,0.010484164651246922,0.011094691198783771,0.010061253278413267,0.0097728590058359,0.009313447247518578,0.009976944116632323,0.008802599706990932,0.010067563800582744,0.010598392383664695,0.011066175417183183,0.011639423096893092,0.010087101773522494,0.009713396218449133,0.010453123643190742,0.010007627364165876,0.010494226008774272,0.009660722270640855,0.011048863259126825,0.009361065950905823,0.00985527812645922,0.01034723183959252,0.010674159193400888,0.008890853028656352,0.010922226804741359,0.011353140481012743,0.013361870774938348,0.009774039858960021,0.009807800656139991,0.010350885762870101,0.009331941431052145,0.009730342758609395,0.012464009088190705,0.00999838717210392,0.00818046032069228,0.010012621776783548,0.010284376141929149,0.009530203981745092,0.010315270183638479,0.009333311456002443,0.010005195730694492,0.010356956234086312,0.010023769613062151,0.009314799423903517,0.010252179839899267,0.010014451162958253,0.010379853411697029,0.011577385884450585,0.009841741900772798,0.009436832281902875,0.010726750480667504,0.010741811137807667,0.01155998288814449,0.009731680847771741,0.010930378610966992,0.00968363339619336,0.01276208068637297,0.009998490554051356,0.009831788001782077,0.010808268137237866,0.0100917431593551,0.010704973767588171,0.011132938094251988,0.010307284493832012,0.009717590765910762,0.011269937875230113,0.010753872961363356,0.009660736716724164,0.010185546335639185,0.010306182579958313,0.011013602388731098,0.009684684860711185,0.012211045248008569,0.009392613513315736,0.01012610824993258,0.009929151176855871,0.01061130410627295,0.009352623235391707,0.009009965430964958,0.009738084117710504,0.01111954451117083,0.01126520966891071,0.009990866335232258,0.011100769440272924,0.00917249140293317,0.010544323189995911,0.009720043462644589,0.010737968692951924,0.01027166450142959,0.010997579345444151,0.011939934608726242,0.010081911589867794,0.010334954560936652
0.009299305001418663,0.0102808526278173,0.010046888564007143,0.010388005452193235,0.010474933361864877,0.010280096891770096,0.011178852244553648,0.010061509137686194,0.010508094834514288,0.011069396835515007,0.010098249496895329,0.009829869110414112,0.009392471458849692,0.010022529947577661,0.008901599031570473,0.010116057208181622,0.01061771950961777,0.011049907521698484,0.01159903864366342,0.010123170467920634,0.009781405177542423,0.010473769982643674,0.010051156957014336,0.010512656829738001,0.009680141817958664,0.011041699045679792,0.00943346582663328,0.009899092273655562,0.010361451445683036,0.010684760340474933,0.008998045413275,0.010929460140482189,0.011340286220935832,0.01325736390622608,0.009848339487294312,0.009842150977581164,0.010368985553549072,0.00941967399982854,0.009793620256032724,0.012385022330940824,0.01004060973059934,0.008268064556597352,0.010060710619745028,0.010307209955637006,0.009596342899718452,0.010345717276332062,0.009395233754813671,0.010051144757348364,0.010389375296493497,0.010060217326915514,0.009388929132002968,0.010272050004711573,0.01004590420038137,0.010425591591536514,0.01155862705699903,0.009892056980154613,0.009506252652989232,0.010745205930767913,0.010753126972116677,0.011540792198766784,0.009787154008840091,0.010922104438608403,0.009748832608808313,0.012677142859229277,0.01004423429466639,0.009877741191476292,0.010829056392235614,0.010119532324311967,0.010718291834229073,0.011119479781699311,0.0103350477361957,0.009763926609451887,0.011252751937031898,0.010793269202937288,0.009710657816480046,0.010230972020704023,0.010336031781278423,0.01100501846458322,0.009769176715348197,0.01213995793175924,0.009443392034445901,0.010161522064938467,0.009973926851773406,0.01062767841015312,0.009437407733317953,0.00910447023808183,0.009797765017202502,0.01110430264959635,0.011227635010403652,0.010038590450058983,0.011081720552332143,0.009246427810128853,0.010564772228481878,0.009746688169834818,0.010745799564842248,0.010295887827194398,0.01102367432182808,0.011886051952521874,0.010124619023498168,0.01036445542938065
0.00938556065262998,0.010333777684678067,0.010115547956386896,0.01044555803533078,0.010529197534951004,0.010343616732567123,0.011239739010968476,0.01012219342681671,0.010566780478379242,0.011081985128375247,0.010166330773201764,0.009916379813792212,0.009497829490260736,0.010098957057294465,0.00902387652295099,0.01019655412145025,0.010672539499881523,0.011071426568694365,0.011601025307398472,0.010190672535189533,0.009879701227945051,0.010528297023427315,0.010125776293871867,0.010565260412608246,0.009726468344272158,0.01107269505048363,0.009532456168764301,0.009972369924288845,0.010408251352843316,0.01073093156092979,0.00913032589362992,0.010974699010700568,0.01136866102973932,0.013209747419880423,0.009954436716512576,0.009905092506790019,0.010419731265836533,0.00953548627331846,0.009886719866527604,0.012354795258150059,0.010113883110267254,0.00837220190338447,0.010139986346283663,0.010362507083882264,0.009690431845620883,0.010409449437223217,0.009483073136943064,0.010128195841657604,0.010455584586887048,0.010127223214238775,0.009489157260474987,0.010324049471171548,0.010107788859552012,0.010507159221993556,0.011583242486488302,0.009972153803951141,0.009603204467277707,0.010800250473438657,0.0108009512924579,0.011564642404863514,0.009871600405121563,0.010950802669061213,0.009843575065101072,0.012643777492805255,0.010121086290992778,0.009952980041955299,0.010888003200359807,0.010178376659828767,0.01076773546743314,0.011144835682420551,0.010395749301472497,0.009838641802774597,0.011275175449315906,0.010872930071592976,0.00978879714619746,0.010309849773736102,0.010399093205049038,0.011034260692595627,0.00988604116981602,0.012115321146434042,0.009519753522826604,0.01022892664454207,0.010049258196297648,0.010679457137007756,0.009550181023841996,0.009223935810313862,0.009887224752673715,0.011127529637128113,0.011229101064149892,0.010117662364471033,0.01110108194168538,0.009345287555504286,0.010620309096051345,0.00980097293646085,0.010790029783789273,0.01035260260232341,0.011090905359858955,0.011876835681709212,0.010199318983696729,0.010427742875158326
0.00976116816418127,0.01069247172830832,0.010485878789453488,0.010810437048077057,0.010892392097968202,0.010712886260796613,0.01162005951121602,0.010484990018206197,0.010934465414861528,0.011413893906628789,0.010536911430529464,0.010300705551246611,0.009893577447914574,0.010476444323418281,0.009427983447321289,0.010579437876332004,0.011038342717966042,0.011411441058930811,0.011930533256732195,0.010561309756090062,0.010274607435177253,0.010891744318657793,0.010502144851334804,0.010927299255513424,0.010069244527406835,0.011421984982015592,0.009922436573133438,0.010344951430518296,0.010762366553212749,0.011089362962095646,0.009545331790813677,0.011336080596791863,0.011719732383227046,0.013515952933130513,0.010357766570838946,0.010266931340864665,0.010777705583728021,0.009941546296068656,0.010276701716376962,0.012664919355331615,0.010488792130518478,0.008748552939227511,0.01052095967115596,0.010724052105560706,0.01007824036819837,0.010779827702726017,0.009861760202090019,0.010506581362570757,0.010829024346248769,0.010496327156884236,0.009879781961331718,0.010681884824476068,0.010471883829746653,0.01089586867069069,0.011934108620775043,0.010351226127573984,0.009992542344759731,0.01116834534973516,0.011162001206962755,0.011914746278053277,0.010253303408178049,0.011295976273601389,0.010234480002036785,0.0129552208029877,0.010499474563241802,0.010326952181836794,0.011261152911721223,0.010540554167245895,0.011129939679063854,0.01148996285694396,0.010762889268155216,0.010210546750575663,0.011619176353145357,0.011265036365922083,0.010163294048437414,0.010693036185708783,0.010768585886126166,0.011381269070172673,0.010298265976002436,0.012427209478516527,0.009888213529558562,0.010599776383857671,0.010424959196421047,0.011042609115258601,0.009953569444464436,0.009628526669120775,0.01027386404318608,0.01147035928035815,0.011552461903175737,0.010497918797309061,0.011439497534333024,0.009732190414399936,0.010986032328577044,0.010152668342976245,0.011147530175714291,0.010715388935377067,0.011474801150309091,0.012199918586502894,0.010576725157400735,0.010797718432782837
0.009794963135215405,0.010685713423644577,0.010497503488100208,0.010808848648266449,0.010886379508819658,0.010717623611181965,0.011622532885805224,0.010487285531905335,0.010934517833242776,0.011359134528638567,0.010547700228161769,0.01033319100820575,0.009948626166384601,0.010497149405276053,0.009504764139091989,0.010604830784382346,0.011033299882503372,0.011367584723006372,0.011863793614477328,0.010571044424687372,0.010321815944212425,0.010885921646323472,0.010520368710060098,0.010919555036734984,0.010055889601607335,0.011388592870013082,0.009970626987146925,0.01036184794706839,0.010747960757916699,0.011074129086450316,0.009634751646378083,0.011319490796012709,0.011683889537712003,0.01339192883571502,0.010414862428222158,0.010271509518091155,0.010767888310758197,0.010010321473737474,0.010317625681873218,0.01256098661347127,0.010505550222154292,0.008804635947057401,0.010544509844636873,0.010719491530142464,0.010120571913166891,0.010785036794030457,0.009896890314862744,0.01052821264937787,0.010837092678875003,0.010505445441491918,0.009929034875117896,0.010673557791340365,0.010474795479591296,0.010923047994414774,0.011893748116108485,0.010376191387503259,0.010038268756616899,0.011163060515864522,0.011148918704526927,0.011872811464985962,0.010283311032978526,0.011260140247125695,0.010277384734147446,0.012847686670147558,0.010520364882019635,0.010346487630931597,0.011260922662127226,0.010540236810157838,0.011118371880978256,0.011449798731320182,0.010764773600633614,0.010229247444694141,0.011576001614697143,0.011291330629965502,0.010186024255581684,0.010716756241352666,0.010773260699957347,0.011345979179663384,0.010369431983963666,0.012329578930447248,0.0099092348573807,0.010610209944444261,0.010444563579366137,0.011033652757793635,0.010018666266640285,0.009701671337853978,0.010310411489287347,0.01142764197551818,0.011485321093447041,0.010522019998072998,0.011393432673687021,0.00978052873292063,0.010981861366779873,0.01014802823916411,0.011130316902000748,0.010712460078084544,0.011485087260043903,0.01211990251386363,0.010595573909304268,0.010803320528545773
0.00996432981588809,0.010823668062246314,0.010652811074127362,0.010954269344168311,0.011027766604867083,0.0108680044636971,0.011784196694106604,0.010632263602427054,0.011083944586137831,0.011454114035839656,0.010702830715220168,0.010508848178038451,0.010143465978184331,0.010662452923733409,0.009717624025940374,0.010776835655835126,0.011178236821491487,0.011475466867256126,0.011954005574661584,0.0107248499122482,0.010513671200651423,0.011027482147560394,0.010682871991640844,0.01105984494186507,0.01017723015129151,0.011507710360159455,0.010158693175875007,0.010520777430314059,0.01087822589021215,0.011208579465512852,0.009864040228855175,0.011455903054041094,0.011805240842082237,0.013443081361109234,0.010619286690344643,0.010415090281198594,0.010903696162822295,0.010221646758859478,0.010502668734698057,0.012621338187353622,0.01066618337431096,0.008984320899846673,0.010713363079918645,0.010860051040468837,0.010304366800656588,0.010937208295476765,0.010069192201291492,0.010695278136912014,0.010993220733404785,0.01065778112624337,0.010117366146295718,0.01080917943625294,0.010619349946584112,0.011101683399124035,0.012013072630801952,0.010544240306790563,0.01022421695138363,0.011309416426118626,0.011286910812237124,0.011989528502582815,0.01045541938081144,0.011374726387851057,0.010463954613611567,0.012908533435562454,0.01068588002719313,0.010508498047441134,0.011414255782213714,0.010682514024363165,0.011257305755880699,0.011562077031885623,0.010913299990984046,0.010388065521344261,0.011687726751796081,0.011475128393202961,0.010348413404320217,0.010888424481943748,0.010924855083952847,0.011462387251371553,0.01058922540351184,0.012393205071473134,0.010065819542326116,0.010766001720497216,0.010607767032560302,0.011173975133525636,0.010226079715712754,0.009913388343710606,0.010490301149237815,0.011536803780202408,0.011569098297507354,0.010691505665182673,0.011499166652757863,0.009965960746781806,0.011126903837995068,0.010280075412221945,0.011263398414287192,0.01085460296283701,0.011653645669792488,0.012199293619741772,0.010760264247975356,0.010956754518559651
0.009674133246530261,0.010470811197945275,0.010321335263703454,0.010601858066781964,0.010668727985236421,0.010523041704693118,0.01140985865414131,0.010293245358600525,0.010729415425624026,0.01103918337438503,0.01036902664462522,0.010200051042500992,0.0098659985226241,0.010338707720851869,0.009473657924300766,0.010453670241848186,0.010815827246479613,0.011070306615893878,0.011514127737980771,0.01038888196593079,0.010218217892007175,0.010668552554253766,0.010355833921073717,0.010698633413401618,0.009838717020867933,0.011110099711553228,0.009875295168272135,0.010197805272603905,0.01051660417953501,0.010836311657162454,0.009627611346402741,0.011074635091607214,0.011397061554117512,0.012908471992298071,0.010329883306642865,0.010084011895223644,0.010545501438957865,0.009954861821969821,0.01020206059789905,0.012128996649076403,0.010338370658445574,0.008744680175094048,0.010390162323471435,0.010507551865475315,0.010011255324386393,0.010590853569474326,0.009776740210199248,0.01037165703173694,0.010647698063908624,0.010323452025086593,0.009835787305679434,0.010454850850565987,0.01028022927299519,0.010770331047292947,0.01159437269741529,0.010227735743510682,0.009936271288146446,0.010942404944537762,0.010914286352922055,0.01156944502202081,0.010145972879924726,0.010979162486846494,0.01016625386970062,0.012404432869357836,0.010361190040050669,0.010188692587429438,0.011048663241873882,0.010338981470549867,0.01088655957747448,0.011156523050597592,0.010565077882122636,0.01007068142157992,0.01127655047715723,0.01113265376697783,0.01003562502987642,0.010560323438747654,0.010578651188055899,0.011064552124768272,0.010314184496689452,0.01191312259939261,0.009760447580860395,0.010430219365219423,0.01028469938163602,0.010807850247103417,0.009955873960378123,0.009660050363115517,0.01018596829848848,0.011129759786362903,0.011140399782235057,0.010370049060018318,0.011091372373982812,0.009688712380276477,0.010766769644870075,0.009945686182327503,0.010887796539547872,0.010503613745625306,0.01129062097463597,0.011740126423267968,0.010431928854796747,0.010610949782201715
0.009522730536964185,0.010256218927316697,0.010129481568598593,0.010388982238328043,0.01044904336848176,0.010317906013579022,0.011179351287148281,0.01009263786615373,0.010515265259139548,0.010759816887726056,0.010174999758989917,0.010032659629869439,0.009730837993225078,0.010155733876393555,0.00937247323770319,0.01027237444191328,0.010593628473907884,0.010802261849781745,0.011210918209137723,0.010192638113791294,0.010065954650299037,0.010449000897189172,0.010169342301957377,0.010476753366801234,0.009634317400653777,0.010850944382459995,0.009733457864542976,0.010014428673061966,0.010292598471808922,0.01060320994354893,0.009536220370974876,0.010833534243852224,0.011128455520064142,0.012510548114450255,0.010185354158633022,0.009890456999615002,0.010325621425064406,0.009832412646971385,0.010043845695943228,0.011772091066346822,0.010150835467529247,0.008641397848345134,0.010208312836970893,0.010293744399032015,0.00985973386238382,0.010384742233040992,0.009623790902324805,0.010189078558468399,0.010443038669885649,0.010128465848077419,0.009695680756672374,0.010238486818075683,0.01007944111452633,0.01058259040813257,0.011315670998490783,0.010051916724960204,0.009789895734158886,0.010716191011898243,0.010681454744264633,0.011289029595900097,0.009977370232988423,0.010721112276396981,0.010010991275713232,0.01203665463581954,0.01017738599849556,0.010008769659816449,0.01082493329054431,0.010133739634151826,0.010655632643668927,0.010888824294444724,0.010356609916224948,0.009892423498575754,0.011003574440842085,0.010935373667902367,0.009862235769646184,0.01037443137631306,0.01037257604531628,0.010804717108721211,0.010185537104015154,0.011568163064157517,0.009592822261700523,0.010234483159127731,0.010101977435270674,0.01058142811834403,0.009829589733318371,0.00955004266633195,0.01002343990554771,0.010860154053247745,0.010846384585823144,0.010189908706003737,0.010820491481629486,0.009552063890847607,0.010546700719029422,0.009747007227721895,0.010651375184612967,0.01029147379039323,0.011071745933774272,0.011417197685204493,0.010244609820431192,0.01040555421749032
0.009445982715525636,0.010135174061393089,0.010029127310532697,0.010274718617011992,0.010328758200705477,0.010208692712658776,0.01107536715199548,0.009981085882019671,0.010404864651397274,0.010584429330005361,0.010073816402276881,0.009956002559341147,0.009679342912208034,0.010066367687156349,0.00934749347700525,0.010189279686144357,0.010476488847102028,0.010642048318112725,0.01102682948272145,0.01008896810147484,0.010008364450089884,0.01032876058770777,0.010075953179547278,0.010355438390640697,0.00950192114549182,0.010701752479914155,0.009675342849955311,0.009919007437821372,0.01016184970767822,0.010474196037480144,0.009529661323353422,0.010703992432478953,0.010980100525720652,0.012271124752716037,0.01014180955390289,0.009778370946063259,0.010200911641682563,0.009800514757430235,0.009978716235431862,0.01154987175092313,0.010055615671257562,0.008586729613681877,0.01012166188962729,0.0101743772782694,0.009795391400415144,0.010277339387313535,0.009548751279294384,0.010101814118469872,0.010339497402357331,0.010023879037949558,0.009637570450728406,0.010114121361512851,0.009965955083410086,0.010504406188819254,0.011162883508974222,0.009966512526652243,0.009728424018635124,0.010598690836091182,0.010555936412803316,0.011132402169730776,0.009897125562797737,0.010568434910428602,0.009947922760647746,0.011812528077501747,0.010087429428527639,0.009917571548111449,0.010714701948074357,0.010017753354719793,0.010530801036851976,0.010731148250653993,0.01024587829536487,0.009798109160007682,0.010845271867964395,0.010861444464195603,0.009772081721139102,0.010290051206136278,0.010265068169862949,0.010653118661315611,0.010161360616331053,0.011351249624355427,0.00949933669478209,0.010134037854714405,0.010010894875289012,0.010458584838345365,0.009793193605716965,0.009521607678238508,0.009952394003319931,0.01069920592244396,0.010658643810002031,0.010105306966300394,0.01065795766189266,0.009493111571671738,0.010430113841223174,0.009624703642724828,0.010520640305948606,0.010173797651346432,0.010977306917742579,0.011218678235358331,0.010153835085697609,0.010300822467904565
0.009451148539768415,0.010091697323862675,0.010005699941041283,0.010235363035325446,0.010283358040486692,0.01017474284515541,0.01103221532774087,0.009948451179879221,0.01036705211563065,0.010485971697142996,0.01004911016558688,0.00995474217424674,0.009704409632428463,0.010052245778439823,0.009400304773364359,0.010178876816948325,0.010431677282257822,0.010556840779166837,0.010914491439229571,0.010061611998883233,0.010022782127814543,0.010283471845859505,0.010057975106574059,0.01030886350149533,0.009456647173105058,0.010625358237436445,0.009694464926160561,0.009901601013502738,0.01010949418857308,0.010419004765456211,0.00959601734582506,0.01064480788024516,0.010900135538599325,0.01209013377488834,0.010166410028004868,0.009747841366945386,0.01015359483407324,0.00984052152538651,0.009987150830028498,0.01139562819167683,0.010036172216399953,0.008623404214218507,0.010109253503758422,0.010131964265943013,0.009807214358186803,0.010244060465051323,0.009554312153775547,0.010089118325881184,0.010308798246785445,0.009996902517228859,0.009657302289841609,0.010067938352816283,0.009931508117184842,0.010493046076110651,0.011076034008171205,0.009957317684764799,0.009743433631604096,0.010551845922946904,0.010502493886357201,0.01104258486876258,0.009893520073784013,0.010490812544262495,0.00995857083113005,0.011652540301938253,0.010072380232445492,0.009904090479935169,0.010672092148352246,0.009980351844059933,0.010478401689066885,0.010646507192008617,0.01021023567718462,0.009783256529992845,0.010758920016972467,0.01084773393880499,0.00976111647499899,0.01027665859960433,0.010231860366341213,0.010575188913979865,0.010202286411108343,0.011204851236408233,0.00948926426050673,0.010108852755232309,0.009995801827011385,0.010408922203665119,0.009829399195028041,0.009568957121596037,0.009955826882513261,0.010612210901050629,0.010548054205101761,0.010094681446833032,0.010570011778063923,0.00951396455087716,0.010386401502208079,0.009586941255561829,0.010462930886721622,0.010132817178357179,0.010944207382161066,0.01109056840815385,0.010136956496849855,0.010269380969794755
0.00962671344746438,0.010212853161110145,0.010148840199483419,0.010360547906467385,0.01040188179988539,0.010305955428036882,0.011150253933179465,0.010081838379496937,0.010493472785134381,0.010546347742807624,0.010190761047661952,0.010122023296909822,0.009900946296736622,0.010205323180028534,0.009627607875746466,0.0103355313786228,0.010550332069223796,0.010631529822502366,0.010958576085775463,0.010200298068590508,0.010206650079665385,0.010402136628804955,0.010206827950556309,0.010426072913721688,0.009577573308693759,0.010709300632685544,0.00988455814351976,0.010051598680844185,0.01022103633053787,0.010526526929221132,0.009837263179891418,0.01074721306935825,0.01097921414307795,0.012055607270698293,0.010360702804082696,0.009884029062837769,0.010270511154597312,0.010052558621323086,0.010164740595983428,0.011392703145892755,0.010183471417495472,0.00883540077993036,0.010264028505022347,0.010254179362922004,0.009989055884217436,0.010375791599123831,0.009730087521849761,0.010243624585154234,0.010443121570346912,0.010136281168021571,0.009848195008628928,0.010186220614250799,0.010062888053394807,0.01064742167928083,0.011147006746121797,0.010116014326841142,0.009928833661361231,0.010667921051235525,0.010611580910790766,0.011110460641360936,0.010058464327769905,0.010573844162957641,0.010138630218822248,0.011642468368859696,0.010224364509334907,0.010058366907976023,0.01079218864667292,0.0101083940213288,0.01058871570577178,0.010721369804779942,0.010339561118919325,0.009936336054877377,0.010831723668209545,0.010998078610708104,0.00991842036072456,0.010429668222821774,0.010363703369716638,0.01065760256247483,0.010413921769683938,0.011211118900287196,0.009648348291230844,0.010249720223807737,0.010147935679873463,0.01052239543782477,0.010037389346436672,0.00978985616316955,0.010128085941563288,0.010684669841764036,0.010595098876986795,0.010251350092430112,0.010641551461370963,0.009706453490888518,0.010506377982357828,0.009715687306118333,0.010567498068450545,0.010256554699751055,0.011073430009766494,0.011116970073765584,0.010286711175269043,0.010402957506340514
0.009565573593100151,0.010100378745546137,0.010059693888902387,0.010255283626367923,0.010289305518182303,0.010205670396172734,0.011054183201764836,0.009980335503809773,0.01039266212342072,0.010371649324448222,0.010100562534838617,0.010059411150577223,0.009867273747844563,0.0101284312105207,0.009625429265088475,0.010265315182589572,0.010441326110322249,0.01047469344200731,0.010774224325581836,0.01010665340593234,0.010165645383446309,0.010289561972934786,0.010124884997566294,0.01031266918360095,0.009453762186194129,0.010563911569109541,0.00984406104707837,0.009968013683046043,0.01009733018774218,0.010404354528751693,0.009856172885182403,0.01062365318632617,0.010834767121474102,0.011807414140414139,0.010335594055266392,0.009781489018640456,0.010153709315735268,0.01004137432023156,0.010115490345818863,0.011165208910741022,0.010099494120744006,0.008801277217969819,0.010189668374661119,0.010143057732226023,0.009941261489825921,0.01027772135539312,0.00967053054043875,0.01016934249919946,0.010349276665994339,0.010041947179120627,0.009807396708479863,0.01006950721878153,0.009958090011860614,0.010581993756858143,0.010996930090959738,0.010043608535396816,0.00988400976622377,0.010557879243340005,0.010493238838602287,0.010955431365949498,0.009991856487402171,0.010424959323359191,0.010091707336264062,0.01141235789990392,0.010146339253360748,0.009980024543880806,0.010690038873125106,0.010001082946690863,0.010470841918425403,0.010566031277079627,0.01023821694338103,0.009854111661299913,0.010676479507496605,0.010937410936012176,0.009840675334814988,0.0103576567100559,0.010265789445189496,0.010509662251222684,0.010411322608680822,0.010989797716193657,0.009567654189379347,0.010160432708858764,0.010069143583957487,0.010406636715029496,0.010021173932455187,0.009783327516998595,0.0100719968019902,0.010525757075723407,0.010407095270083067,0.010179847901935208,0.010481995187614963,0.009665456058098714,0.010398010828951455,0.009602605633667669,0.010443307365343275,0.010147205767290394,0.01098872667178609,0.010915935490890209,0.010208042734087635,0.01030860184908411
0.009447827839746686,0.00994377635101189,0.009922169343219375,0.010106045126810272,0.010133958097383365,0.010059840376358894,0.010920773937529011,0.009831668994465859,0.010248605915309149,0.010165218384361524,0.009962426370115967,0.009944075177424825,0.00977456979540385,0.010001796210422825,0.009557954209685323,0.010145579023046487,0.010290589222629437,0.010284156499305036,0.0105636000990298,0.009965622583820347,0.01007011406872719,0.01013413202478494,0.00999388153840957,0.010156889397327756,0.009282266371538178,0.010383574418119587,0.009745750706819099,0.00983418342701904,0.009931005475669883,0.010242147705932165,0.0098091329684106,0.010462320674267564,0.010658153500614718,0.011553672179126177,0.01025551678171845,0.009630021666598938,0.009993586631665491,0.00997024203409261,0.010012332689090745,0.01092251086455378,0.009966655033025393,0.008699397847726272,0.010065470672209977,0.00998766489709746,0.009837743291083436,0.010134511491852202,0.0095547265115933,0.010045335037568479,0.010210248582462594,0.009899580721737208,0.009708266308743751,0.00990885482714675,0.009806226114482503,0.010469866746163943,0.010817191869927386,0.009919918150416821,0.00978261024781226,0.010407119635435487,0.010335262308502385,0.010770851267982225,0.00987249825237774,0.010240513095906045,0.009990329666675464,0.011169859679712601,0.010018827164955588,0.009850787195020723,0.010547606247238354,0.009847677159956748,0.01031284031906142,0.010377422209054183,0.010091925904008585,0.00972045417343861,0.010488954900547229,0.010833591861955243,0.009710740892993919,0.010237587827675105,0.010122719246081437,0.010326790889357604,0.010351782305724021,0.010750430013287043,0.009432787045918932,0.010023966726984286,0.009940547088842672,0.010249773275062721,0.009945535641252725,0.009713529300638882,0.009962705230322232,0.010333703816864496,0.010190178191200477,0.01005844488286396,0.010289593888969174,0.009565199183573382,0.010247450251471743,0.00944114431036266,0.010280061489800712,0.009993363131835825,0.010864342229977873,0.010692658088798974,0.010080875218783415,0.010169320712927197
0.009535835143177691,0.009998593682308776,0.00999686066814047,0.010171381789664915,0.01019318166930267,0.01012791613237904,0.011016975918772414,0.009892990475730053,0.010321913407308474,0.010170774764240614,0.010037112972412774,0.010042689413586112,0.009894431476630869,0.010089388976288331,0.009701318655356879,0.010242932755451229,0.010357424757220467,0.010308607227178945,0.010571505915802117,0.010037257545532675,0.010192103164357315,0.01019324345753086,0.010076662895665884,0.010216059200205655,0.009310343829370247,0.010420462333862906,0.009859277104937553,0.00991128154384623,0.009975192011222118,0.01029595125422236,0.00997861472332515,0.010520776690001234,0.010703792498230235,0.011532997181955608,0.010397225506211841,0.009684938830066986,0.010045388043755136,0.010116644969169433,0.010125176101110132,0.010902599725520044,0.01004705913881129,0.008791908824133705,0.010156642243385961,0.010044404642269885,0.009947280904001363,0.010206663998558076,0.009646482292351296,0.010136477265048063,0.01028811444831589,0.009968642765260737,0.009820220562997004,0.009958711862440546,0.009863635002487789,0.010580988204453917,0.010862242113186368,0.01000925023493584,0.009893511685004852,0.010475823581042702,0.010395194195508047,0.01080986679698409,0.009965620502345156,0.010270654200247236,0.010104707297573503,0.011154423383020359,0.010105742141382632,0.009933079394224591,0.010627687850895748,0.009904198590888228,0.010372297455967057,0.010405431166679824,0.010160101242786953,0.009795850888583833,0.010520010053474287,0.010960062124886922,0.009789951765399534,0.010336234087882562,0.010194860429681388,0.010360060150856146,0.010517238575676104,0.010731055741964849,0.009502125796818688,0.010101570085368872,0.01002507709016157,0.010309360647503082,0.010086705507840648,0.009856988129537413,0.010068191327684524,0.01035729208055067,0.010185130738228044,0.010152622245224308,0.010312259785213248,0.009673670456965908,0.010313753174760654,0.009482435471379027,0.010333490314967053,0.01005185117298098,0.010969201564294042,0.01068931908689501,0.010169298475241492,0.010246400780045763
0.00933741406765198,0.009757974978642184,0.009776134600503496,0.00993779356051009,0.009952869293694391,0.00989749130312236,0.010796200703690792,0.009661081586565293,0.01009345993367935,0.009877284463003583,0.009815611039276511,0.009844844631862616,0.009720818082725761,0.00987972085784756,0.009555288055697282,0.010039847204667258,0.010121559487667155,0.010031959129826882,0.010272933743454053,0.009812260726782523,0.010014475769357782,0.009952831748736195,0.009862098719610376,0.009975497079859789,0.00905652306867338,0.010153537353351071,0.00968031074982184,0.009694595026150707,0.009724347613700118,0.010048458419077677,0.009853421680593936,0.010273153955036848,0.01044009005101699,0.011186356876134756,0.010235190701829152,0.009450208305107356,0.009800970928337626,0.009965068473407232,0.00994000952798869,0.010569752107766903,0.009830635254726189,0.008612997251774127,0.009949045270567402,0.009804632629700974,0.009762507073614077,0.009978922328700285,0.00944970376688493,0.00992963322861692,0.010064478156768577,0.00974269602635365,0.009640295705944714,0.009713634189109139,0.009627665382926556,0.010384412401255302,0.010594465610929289,0.009802823869766967,0.009710792560576447,0.010239293339909205,0.010151776209518893,0.010536756566818824,0.009763783327368387,0.010000044229233802,0.009921419246988328,0.010820913665435744,0.009894792237284422,0.009721479217429043,0.01039916474792919,0.009666730489452971,0.010128719525216998,0.010129623415312261,0.00992960451461288,0.009579629254626503,0.010245726935562504,0.010771106138639866,0.009577423672092212,0.010132255565563703,0.009967466546873856,0.010090709817726657,0.010376611755703731,0.010402210413289637,0.009285627422886885,0.00988164614809527,0.009813468745442682,0.01006700247527989,0.009930556423620122,0.009707932418540345,0.009876610838284339,0.010078100005717572,0.009881074986537446,0.009948229136703582,0.010033496558724781,0.00949333863791048,0.010078153167946918,0.009238316273449992,0.010084699932469342,0.009813568896279608,0.010758365073075522,0.010377030702127737,0.00995871875868614,0.01002307258516697
0.00960369452260678,0.010015434276820638,0.010051975448982632,0.010213751768464415,0.010223666008302086,0.01017316506511825,0.011145757353059838,0.009919016488602179,0.010384965069558636,0.010097054533989552,0.0100933271550416,0.010145349085073209,0.010033949143590962,0.01017235272827934,0.0098825172102386,0.010349549769619786,0.010408319382840751,0.010276555219738352,0.010515891091496128,0.010086901120595225,0.010345701268875202,0.01022337999318324,0.010149310357381808,0.01024755258537027,0.009254857147914828,0.010415068775203262,0.009986346838022485,0.009968095085578277,0.009970143887017975,0.010319713292145991,0.010220433509755107,0.010560288692331837,0.010725227558462242,0.011454044768978447,0.01059638675348709,0.009691241303993165,0.01005737032577965,0.010316314271660097,0.010258885631288937,0.010804602473749429,0.010114266523321425,0.008846508474955455,0.010248003543542947,0.010065659110512265,0.010069278298917614,0.010262661822730305,0.00972454830004852,0.010228184590612718,0.010357717512809308,0.010011204002524405,0.00994243448587752,0.009963984641872526,0.009879878411429082,0.010725419320021716,0.010887325503115863,0.010092914525767197,0.01001626458183036,0.010533455185210625,0.010434200745505549,0.010820645152594661,0.010055101539741393,0.01024776378746844,0.010240750108774095,0.011073213499691884,0.01018740093470405,0.01000119597538827,0.01071258527617952,0.009920499904933811,0.010409125272699835,0.010382098717281268,0.010207346125646149,0.009845766704353739,0.010507081473225932,0.011147910896490972,0.009846928387609873,0.010448399736713462,0.01025082367640929,0.010345930040567193,0.010767923349802986,0.010628299442485436,0.009531397903581207,0.010165977187864727,0.010100211326827264,0.010344199259797399,0.010275203775040048,0.010042937240067024,0.010185606528281137,0.0103238408749209,0.010092293267011393,0.010250668610281616,0.010277168289960281,0.009785392439698521,0.010362211908208607,0.009457181475667521,0.010357990046846323,0.010076634238414718,0.011113822438347623,0.010615549030255661,0.010256559379288684,0.010314436076101382
0.009808708905927159,0.010209701794062883,0.010267277343155948,0.010429374647871565,0.010432999265537334,0.010388038452115998,0.011448689471612152,0.010113506705505768,0.01061891891425406,0.01024798746730756,0.010310686570467817,0.010389040950641209,0.010292211476516334,0.010407057220626067,0.010158244206670811,0.010604184224533299,0.010636537662955796,0.010456049529121126,0.010694229378834528,0.010300663393929472,0.010625880036907917,0.010432308957038356,0.01037765027122946,0.01045839837560725,0.009381247847786779,0.010613996884280715,0.010236837727853634,0.010180446763227165,0.01015058586398042,0.010529843284672722,0.010543085365211632,0.01078909107549958,0.010952392907631241,0.011664261324654597,0.010912104782657013,0.00986599321594852,0.01024994669400684,0.010620181435146566,0.010524429822099947,0.010974847344448112,0.010338597021969827,0.009013864783641364,0.010489751571939144,0.010263685394570453,0.010320708076188293,0.010487034949496177,0.009939046156762268,0.010469857129528344,0.010593103967087358,0.010217591928463622,0.010188104287835405,0.010149782907323783,0.010067525063020062,0.011017523999170225,0.011123820873876257,0.010324567279381342,0.010266365888863541,0.010770081535774943,0.010657607036117891,0.011046349742959049,0.010288060497979683,0.010430724121791121,0.010506856281569922,0.011264239700710567,0.010421999321274139,0.01022082208729923,0.010972320168465659,0.010110168901417759,0.010629903393569111,0.010570715028276051,0.010424765547584687,0.010049654879150981,0.010705966044344335,0.011483397067360497,0.010054815133034857,0.01071099789682195,0.010474888955458244,0.010537656574658385,0.011119781172887583,0.010787816681971266,0.009711799286102375,0.010391493630469229,0.010328316902281946,0.01056116630476434,0.0105712982600972,0.010327581598169312,0.0104396992543543,0.010504521941936656,0.010233818371767508,0.010497063412051547,0.01045612698614669,0.010019776876512768,0.01058730534979221,0.009606896315773123,0.0105709210037421,0.010277061201035723,0.011423566737092791,0.010789045152967741,0.010497664887852453,0.010548313200499537
0.010123207815239833,0.010516363380791068,0.010598965677307564,0.01076356189825569,0.010759665964887585,0.010720487544378267,0.011898069416855622,0.010419028840744131,0.010977018976691162,0.010504806842745218,0.010645234947358011,0.010755151946252142,0.010674052191420678,0.010763040815144663,0.0105595503863989,0.010985879446083155,0.010987970580837825,0.010748713590005206,0.010988895332630748,0.010630811254156373,0.011038001516977706,0.010758420889256994,0.010725748082005573,0.010787217410634561,0.009598901728303445,0.010931015329204253,0.010609285686796411,0.010507454403790051,0.010440194991531973,0.0108588512424318,0.01100441331595888,0.011143138147921833,0.011307001353851293,0.012009539095653391,0.011369674654043467,0.010145251141070717,0.01055484637076461,0.011060175837889458,0.010918064958453126,0.01126432137055721,0.010681624932622152,0.009274613695948387,0.010854738335791283,0.010575108237663212,0.010695350785737785,0.01083189903437954,0.010265934192843914,0.010834822736859881,0.01095210579802839,0.010537983578124986,0.010554097531255916,0.010445626960621705,0.010364235434512405,0.011448644080278677,0.011491567657237113,0.01067588954891053,0.010638856235435373,0.011132793210951602,0.011003853472669354,0.011400265671209059,0.010640359888828303,0.010726931610395575,0.010900946707337381,0.011581718833563594,0.010777945489536147,0.010556899319589308,0.011364889095020765,0.010409951289112719,0.010972533988341963,0.010875244239878077,0.01076080970171728,0.010365201119332743,0.011024224950189749,0.011971877081938434,0.010375115698271339,0.011103581543435674,0.010819357033360589,0.010845422702791426,0.011622844232252147,0.011062182483987023,0.009995829691754245,0.010736872003412874,0.010675767543933465,0.010898422963821883,0.011001561179690129,0.010741320217419466,0.010818932059770768,0.010798924194621386,0.010479892543675004,0.010867987805683625,0.010748469673656771,0.010370823789919978,0.010934497015381996,0.009854218260671947,0.010903965740546471,0.010591454039514642,0.011880621822923142,0.011079377789756232,0.01086244671792873,0.010905505273209163
0.01002555517290875,0.010380419115164755,0.010482934662150301,0.010636424842298731,0.010625209934482563,0.010594762912374711,0.011793022034157961,0.010290665212986678,0.010857391505276386,0.010316887714413962,0.010528765258727247,0.010662439797580109,0.010604439087920619,0.010659183845615323,0.010517775648726217,0.010890300979805177,0.01086044583061365,0.010580497108061514,0.010801739715774401,0.010509875253034791,0.01096812584125653,0.010623758021790303,0.010616007002407243,0.010653318000732364,0.00944264942208084,0.010772739768855023,0.010534937944917886,0.010394216644458242,0.01029310802765554,0.010719038061035129,0.010988234339546616,0.011005311253669759,0.011156283433611355,0.011786927886233737,0.01131871530942872,0.010010537563332526,0.010415294009035387,0.011016865604484933,0.010839971885561581,0.011047571684356007,0.010569695749055377,0.009189840840317744,0.010753043052251512,0.010439765975107455,0.01061598099503453,0.010710261303878128,0.010170814695960947,0.010734896241103513,0.010835548604694772,0.010415550504599922,0.010477681530267312,0.010303882798780696,0.010229745018056718,0.011363647181171086,0.011338196545649895,0.010574180732462643,0.010560461026631588,0.011005319909168617,0.010869481077475103,0.011239786669448672,0.010542591469146075,0.01056350608259855,0.010824462868014225,0.011367427820456,0.010672318396457924,0.010449797035050454,0.01124743543906244,0.010274992187802028,0.010837146450913656,0.010707394513222428,0.010636446840643342,0.010251036839431325,0.010860593428446193,0.011900573478982981,0.01026428450431947,0.01100800472339892,0.010698347488167457,0.010684146447878178,0.01159650692388004,0.010847093728913305,0.009878286959401962,0.010623147541299185,0.010569203231685337,0.010763185636142874,0.010953259465767175,0.010697958961585274,0.010733314598885496,0.010627114046811485,0.010282565809643542,0.010770451364129756,0.01057825986891562,0.010293226492689628,0.010806638805530257,0.009708956574855123,0.01076339416414212,0.010457536228530042,0.011785798179613866,0.010879628403087377,0.010758635053003115,0.010790100637839209
0.010045811278786041,0.010348918123997516,0.010478665146955635,0.010617128489335706,0.010596174276640965,0.010577825374115004,0.011804292225550702,0.010269422086147952,0.010848192597532681,0.010214599053395416,0.010523940358872469,0.010690156332062765,0.010663516741164896,0.010671616456206593,0.010614095480139448,0.010914144337551713,0.010840743516795608,0.010504802275722216,0.010700166406448842,0.010499331498965186,0.011027017956614798,0.010594464442822816,0.010620702856043225,0.01062483854983929,0.00938260391172339,0.010711054625376559,0.0105871559254041,0.010393816167076507,0.010246537063895098,0.010682459259010403,0.011119251972394224,0.0109716745093494,0.011104573570793096,0.011635784745043985,0.011403304533867998,0.009980904420003553,0.010378925325508935,0.011111671535887144,0.010887455070191884,0.010905154210086785,0.010571401201650524,0.009226152107766372,0.010768685858326707,0.010409345979764291,0.010661485958320756,0.010698767771522054,0.010194691809084918,0.010752479992462082,0.010831019093083044,0.010402786935794056,0.010527260866972268,0.010264715770190096,0.01020073177512788,0.011402148223261695,0.011283035833514506,0.01058958321920035,0.010607522361183555,0.010985913242102813,0.010840327182810371,0.011175304709773437,0.010563415513030801,0.01049463884060727,0.010874175691075759,0.011228210559960029,0.010682593229730948,0.010457497261141592,0.011241774274106072,0.010245180818208214,0.01080679499813957,0.010632780110529837,0.010620978288064147,0.010249340340874751,0.010791221909224852,0.011957243335389623,0.010267305206831051,0.011032065946292219,0.010687567605436075,0.01061830692728321,0.011714326752338756,0.010707099366091587,0.009871661621943927,0.010622034719492983,0.010577950652761132,0.010733150142518924,0.011041223582564194,0.010792317430480886,0.010770684164174753,0.010547060875157077,0.010167064438966542,0.010791497358804034,0.01049984839605622,0.010340798933347684,0.010786535621586681,0.009664329688176857,0.010725814743595971,0.010429140356914456,0.011810741202173765,0.010760879912802009,0.010771205323729416,0.010786733564169457
0.010120363307524301,0.010383010500958035,0.010537921028119469,0.01066572404137832,0.01063575019274947,0.010627438187942817,0.011898894980481295,0.0103108137887496,0.010909281065813646,0.010185951397580325,0.010583289320038382,0.010779987738547481,0.010779889160885571,0.01074814091519227,0.010762908393171169,0.011004303871337578,0.010892425142579055,0.010503304585586704,0.010679983247498607,0.010553353582395763,0.01114972150233471,0.010633677916630094,0.010689707170399163,0.01066538008017865,0.00937793110583624,0.010724536375821644,0.010696905257133639,0.01045488238249352,0.010265784053606364,0.01071709820806409,0.011306463887301036,0.011013444781797601,0.011133375707984403,0.011589510678961908,0.011554630754426186,0.01001051100675762,0.010408819009076935,0.01126708914817637,0.010997875614274826,0.010854015097582144,0.010637220486578803,0.009302022214156738,0.010849160481211218,0.01044490891268243,0.010766686709903312,0.010755051657784617,0.010274202944607253,0.01083475713518026,0.010895305735665255,0.010453165681126156,0.010633516560701814,0.010290684951457126,0.010234161889305543,0.011513462647499067,0.011311884710820546,0.010667315904900025,0.010713431741561318,0.011039855518381676,0.010884067877254622,0.011194116337041605,0.010645301328660163,0.010498705317000702,0.010986355609919368,0.011185118595748526,0.01075734550861396,0.010526575706646212,0.011312180442154228,0.010278825785262272,0.010848714794961222,0.010634094536783531,0.010672660477244342,0.010307151328558185,0.010799423533764911,0.012094291659293478,0.010329554950747756,0.011124705517754503,0.010744433410542095,0.010626920549411504,0.011900221386444226,0.010654570541169446,0.009919546261761341,0.01068656860535338,0.010650103177884705,0.010774137722308065,0.01118955493700124,0.010942075358836414,0.010870636116887848,0.010542271539127047,0.010126803962129994,0.010877586382009944,0.010496443625603757,0.010442875855408307,0.010837073214635439,0.009676805301090016,0.01076068292419559,0.010466786206830296,0.01191721826304002,0.010727059884324125,0.010849723923138951,0.010852026995729543
0.010490210283384802,0.010717335887192066,0.01090379633058033,0.011024177950868472,0.010983499818113435,0.01098564730453028,0.012345102825913088,0.010650587246639408,0.011288669082372473,0.010447229960876797,0.010950593929251913,0.011185910198026602,0.011214184463143066,0.01113890192909642,0.011231916660787896,0.011417551869441392,0.011261129778943696,0.01080321975813627,0.010965595833282946,0.010914058833730407,0.011602563186381394,0.01098092232066631,0.011070617510399587,0.011015073827977673,0.009640278453857485,0.011047177874036978,0.011121765537924301,0.01082005493843309,0.010580495960370136,0.011062143532866324,0.011833560443001398,0.011375291124454952,0.011485241510009733,0.011876084960752343,0.01205084316935121,0.010328447628121313,0.010739214759136308,0.011758757408092284,0.011432753488963365,0.011112304558691641,0.011013187842957359,0.009648210551240965,0.011247113430718233,0.010782535845323581,0.011188864352205884,0.011124355641841308,0.010653859161978292,0.011234348262736357,0.01127745800882948,0.01080676959833451,0.011052565201494984,0.010613401640425364,0.010563015569326761,0.011965464433280708,0.011669417529710582,0.011056859528754185,0.011134855249681615,0.01141540286068648,0.011244105121042488,0.011537159101705797,0.011038566758106284,0.010804390484660066,0.011422788238633401,0.011462317990032311,0.011146472632095396,0.010902524048661972,0.011714037199915936,0.01060936530525706,0.01120560287305134,0.010941042041729375,0.011034503515764963,0.010664359652792083,0.011118723429671044,0.012592353591915947,0.010692262621236948,0.011544542027606361,0.011114091571511275,0.010941424903517138,0.012444562077320545,0.010905062702939294,0.010254311628445372,0.011062815053505277,0.011033304547604423,0.0111277217614391,0.01167120818917718,0.011417537708045556,0.011290442051865697,0.010839820853684599,0.010374046552891019,0.011282695953714797,0.010794359757723557,0.01085179342904416,0.011202879540604416,0.009966462297151089,0.011107517505308657,0.010807337190638963,0.012376674378330985,0.010999628382202408,0.011245903270733418,0.011234234027458658
0.010208202992888148,0.010383460697667391,0.01058848547613902,0.010692432978740646,0.010643818845267558,0.010656082951073292,0.012003515938662265,0.010327450187914632,0.010958960364091138,0.010058593868081485,0.010633449210888145,0.010890590858817162,0.010945619841827155,0.010831734338009843,0.010996867601404272,0.011112676352960179,0.01092243058850141,0.010428906397613581,0.010564409913016196,0.010592248563424356,0.01132361406558387,0.010641014368018785,0.010757988539838302,0.010675410401216596,0.009311228063680977,0.010677630587048065,0.010850512779098341,0.010510163533592017,0.010236811959171546,0.010714264861864603,0.011613452462095336,0.011021120315637753,0.011113173314387338,0.0114079414862846,0.011782686178163318,0.010005905849353474,0.0104003020594054,0.011507653591925859,0.011148588125346031,0.010672293640492204,0.010699528472483594,0.009403901834431107,0.01093931506490879,0.010447289205176171,0.010909841717699698,0.010796108632659472,0.010370322946333737,0.010929466542234251,0.010951126135631319,0.010486117586718108,0.01078040868401686,0.010275063057688329,0.010234270207664074,0.01165853465509965,0.011289040679941326,0.010754353655975829,0.01085829985166952,0.011072320315189755,0.010897878332915438,0.011151471233816006,0.010741131800463375,0.01043538117762509,0.011140795050480786,0.011015656955831645,0.010836743076584127,0.010597988597584741,0.01137492452452829,0.010279080049136623,0.010858963580708746,0.010562790878741029,0.010705660577668865,0.010357489030318452,0.01074118621845588,0.012285253021717563,0.010388500035096546,0.01123627489625365,0.010787040372364007,0.010571228680813428,0.012195825020581698,0.01047255986913066,0.009954388719787072,0.01074615734653337,0.01072577463795057,0.010783215691616846,0.011416503998854239,0.01117555225016534,0.011001044144326157,0.010459593132799315,0.009976640447909847,0.010979326091111597,0.010417970630252491,0.010583961232151466,0.010865346894972408,0.009641505201291308,0.010757605996026078,0.010473063861011048,0.012046696256802951,0.010582454840342032,0.010935991619227588,0.010911035936253073
0.010114007435801762,0.010232958582980877,0.010460606426250347,0.010546736210699953,0.010488937648941241,0.010512492026318843,0.011854749835008054,0.010188929190149652,0.010817538672678014,0.009843802046463127,0.01050397959658009,0.010787513560100674,0.010873067510112053,0.010714902340556475,0.010961671466073684,0.011000407573815471,0.01077063671021422,0.010233736858179188,0.010339563965659104,0.010456838905733887,0.011241340329657108,0.010485962284339853,0.010634214709123417,0.01052098393985624,0.009157396683514901,0.010489518133249016,0.010774130344500256,0.01038788247456893,0.010074362855177307,0.010550791437420583,0.01159933744851039,0.010852567264131767,0.010925181889889364,0.011112840133508235,0.011715431231968644,0.009865223432059174,0.010244792045802382,0.011457770922972796,0.01105964614211128,0.01040405132946686,0.010573968648918542,0.009346331683100216,0.010822692467969958,0.010295911320299611,0.010825035007657179,0.010655121025409048,0.010276090292216756,0.010816104637236985,0.010813508684184568,0.010351636321212008,0.010702569211293762,0.01011865902322543,0.010088271414662252,0.011546845797684807,0.011092586604258724,0.010642155645922842,0.010775352943920305,0.010916798842504533,0.01073737367432808,0.010947985839257527,0.01063455481002112,0.010246010283336026,0.01105413258090517,0.010742313446599644,0.010716886993596849,0.010482639571061166,0.011225324545729292,0.010131675011250058,0.01069779221846484,0.010363654659894821,0.010563566823768647,0.010237263606671994,0.01054493087252659,0.0121768937538833,0.010271686952631235,0.011120430930623853,0.0106473243937159,0.010381458263135347,0.012152633407022044,0.010211548427797135,0.009838783261118096,0.010617643769045925,0.010607393508209604,0.010623775188090314,0.011362037257840463,0.011133979033226075,0.010904881798084133,0.010257596499776419,0.009751255392958656,0.010867589134607622,0.010219769398048556,0.010509313210124374,0.010714320384960318,0.009495040505926054,0.010591677256087962,0.010322846817624732,0.011911577787626401,0.010339560926916515,0.010816458316249849,0.010776306173853945
0.01015464889329924,0.010214742637925241,0.010472881414452172,0.010542114482236136,0.010472468794817346,0.010508967661115934,0.011884336635200882,0.010182171999462078,0.010825106620983951,0.009745418205069892,0.010515537568631049,0.010835458654375553,0.01095650648584064,0.010745999261195863,0.01108939976726897,0.011044344544039209,0.010765455521562798,0.010166721798866185,0.010243822392866116,0.010460821520181006,0.011325280481519583,0.010469089673858872,0.010655632262120433,0.0105058127168135,0.009107308377779507,0.010437036117587985,0.01085111899933296,0.01040407328308596,0.010038530275077418,0.010526770451814367,0.011768037653694647,0.01083148264506108,0.010885340658501037,0.010964131197945193,0.011829388639562628,0.009847467273630055,0.01022083471425586,0.01158335414652311,0.011130924415445253,0.010263925147110638,0.010592013418589286,0.009406122361661258,0.01085665711757877,0.010278070883447548,0.010894354742979936,0.010658353310419966,0.010320516776635896,0.010853708287501242,0.010824658545914615,0.010353385251976358,0.010775763620608026,0.010090793029396273,0.010070730181288021,0.011607608666202054,0.011048512924077958,0.010676275455930159,0.01084575480192172,0.010911328696903725,0.010721989889515863,0.010892088020519159,0.01067449484917831,0.010185647491467303,0.01112782394800929,0.010606200205616666,0.010744773170722845,0.010508864039027451,0.011235599863210738,0.010113937284773916,0.010680360888416786,0.010296088664861229,0.010563004868737527,0.010251774417885978,0.010484990820828228,0.01226018006798194,0.010291069760871739,0.011164415368720124,0.010651835654000004,0.010324407042538963,0.012305953809398366,0.01007358031449494,0.00984772297641613,0.010633893661360286,0.010634243782313948,0.010606219387749999,0.011479880004090112,0.011259307371848678,0.010964235062893138,0.010183893429309962,0.009639248230212222,0.010908738901622738,0.01014977274637035,0.010581163904892414,0.010708524656551928,0.009461622189450304,0.010566652119191111,0.010307090391605198,0.01195742680439507,0.01022446146923611,0.010847822105111855,0.010790266038066766
0.010447225232602532,0.010445323989195971,0.010736533795940367,0.010787141060748446,0.010704755572748434,0.010754488800600773,0.012159712720220504,0.01042597774450964,0.011083184645855535,0.009889169496547612,0.010778679008061091,0.0111371866876196,0.011296536434442738,0.01102980328591805,0.011476019574279923,0.01134131223665175,0.011009549709577569,0.010346218033180758,0.010391104558136533,0.010714463165073476,0.011663344762727196,0.010701178722792777,0.010928121924523035,0.010740207539766686,0.009303154745255955,0.010631000438878468,0.01118450948386412,0.010672124054756715,0.010250565725442381,0.010751416158578124,0.012197800460973938,0.011057978365007735,0.011092058911293277,0.011050815323801052,0.01219814406382143,0.010078201166629844,0.010446488735858009,0.011965686865955187,0.011456952792447656,0.010362378695713161,0.010860449954089347,0.009721351237102292,0.011143447075332928,0.010509166653971167,0.011219031015296404,0.010911383344850253,0.010618070061212475,0.011145075887390169,0.011086191195902482,0.010605936244226013,0.011105090684109925,0.010310576657166802,0.010301103105491977,0.011919003243890504,0.011249180990183094,0.010963246396710419,0.011170057403135168,0.011154905941559698,0.01095511711395034,0.011079654242219393,0.010967700447224876,0.01037137885464885,0.011456156831813806,0.01070814698788128,0.011024370190102517,0.01078858193457882,0.01149373968006748,0.01034426508039938,0.010911317831694179,0.010472786541368661,0.01081292446123046,0.010517618839772248,0.010672206474343771,0.012592697908958223,0.010561158796675294,0.011459427156785645,0.010906406757855508,0.010513282244106394,0.01271500667493651,0.01017516419948051,0.010107620142462146,0.010900994139535464,0.010912670729360991,0.010836708101760035,0.01185435528501843,0.011643273941237342,0.011276817430030376,0.010354457509199841,0.009768567119122218,0.011202578174733841,0.010324503691718149,0.01090908657191225,0.010951670791671378,0.009675509093207395,0.010788923250100531,0.010540001300556252,0.012251281267357602,0.010350316971703567,0.011130789273656459,0.011054525650722862
0.010347555902590698,0.010298166179806924,0.010604160002818415,0.010638290720889709,0.010549079488095471,0.010606897716078744,0.011980764483121612,0.010290106270140731,0.010933393154297068,0.009695424229211439,0.010644421745110554,0.011019152612853706,0.011202236979445217,0.01090200768253456,0.011410827054190466,0.011211821185856551,0.01085154121284377,0.010163804849811374,0.010181671067503605,0.010574686518086105,0.011552897774100877,0.010545563481306293,0.01079498266195541,0.01058513895100736,0.009171819789331088,0.0104486426930009,0.011089462092706125,0.010545605890255423,0.01009645441690141,0.010588319959240722,0.01213875226764318,0.010884365364043786,0.010902151723507182,0.010769007913080733,0.012090925179831347,0.009944700807309435,0.010295916713382626,0.011878060852497216,0.011345523841481159,0.010116008265896143,0.010726550090473493,0.009667429697235583,0.011013628581000785,0.01036001037401509,0.011115755883014795,0.010763858972009458,0.010516162583796139,0.011019086279461724,0.010938707103293723,0.01046987704164367,0.011009829428675169,0.010159899918889527,0.010158724254726033,0.011777748797359204,0.0110481672242398,0.010840342389708362,0.011067709614892594,0.010990960956488719,0.010790689056608075,0.010874620318083637,0.010849429377882608,0.010192463464538115,0.011346423573211275,0.010451338092121065,0.01089319599992154,0.010667112676726497,0.01132754546645517,0.010200330859959446,0.010746816584151065,0.010282592558871966,0.010667074650903269,0.010395025101923274,0.010483641125412946,0.012441676136219496,0.010439820158161542,0.01132323692231572,0.010760349788363873,0.010331333357003545,0.01261900110705638,0.00993843891074747,0.009995825138385657,0.010764845538626158,0.010784795803308876,0.010674483895512444,0.011764985070294174,0.01156971922083587,0.011161450599753132,0.010164110292439492,0.009568323251610127,0.011075815128676796,0.010138666361791117,0.010820159564292019,0.010794969039120127,0.009544159051610332,0.010622117538259876,0.010390926269804125,0.01208361812501605,0.010125638000345319,0.010998157548342926,0.010910311201672683
0.010555669958328212,0.010456075615534919,0.01078799951383192,0.010806860335334163,0.010707268928530727,0.01077531237637127,0.012169461830978496,0.01045887133737396,0.011112008421564932,0.009784483798790714,0.010827736654858816,0.011232516583552902,0.011446217805706501,0.01110131573027036,0.011692697442092566,0.011420860481396808,0.011018696397418239,0.010281196066237864,0.010272945029852645,0.01074988360722336,0.011794122512228576,0.01070359854139858,0.010984939271592838,0.010745276235494759,0.009305022431112243,0.010576402651010194,0.011328901149716757,0.010733049795227267,0.0102397323632555,0.010740613574178978,0.012454067699001436,0.011037055812156046,0.011039465779325266,0.010810748596159058,0.012355679406027184,0.010103167407890901,0.010449932455197928,0.012154597772559825,0.01157791406264107,0.010168438212210074,0.010913349212209008,0.009897035211689846,0.011214768317809574,0.010517893075211029,0.01134791325009398,0.010938173180377918,0.010727845381668202,0.011224568048985424,0.011119450916359916,0.010644779752719337,0.011245914520150358,0.0103090510121612,0.010316013558223206,0.011996490781104723,0.011179873967117702,0.011042270039338291,0.01129921092814423,0.011157093708574144,0.010949280635408948,0.010995669251496202,0.011056285228583028,0.010314372787481997,0.011580590842189422,0.010505836332278555,0.011088726912273602,0.010864125425740726,0.011504310687570726,0.010357712758485672,0.010903529004651458,0.01039653188219141,0.010839522710317453,0.010580991785255563,0.010606472503790713,0.012676173599374679,0.010628778897539585,0.011529964035339568,0.010936112537406341,0.010455310616410807,0.012915321711748456,0.009993730227248874,0.010178192805056793,0.010951025923285758,0.010979925696774914,0.010830803684448042,0.012035529855137521,0.011848885742199519,0.011383146141020713,0.010273464183532517,0.009646503613852402,0.01128276946511406,0.010252105000819065,0.011056006426931162,0.010961392677169456,0.009690623311602298,0.01077223768863808,0.010550059752359592,0.012287455667506008,0.010199675354454275,0.0111963805639888,0.011093811427090247
0.01081566293393004,0.010678523439830738,0.011038868767911028,0.011048342314579811,0.010937903245935313,0.011014829132108281,0.01247284763675029,0.010688353108242413,0.011371160356808595,0.009938155110081573,0.011079492974422359,0.011518082041864976,0.011759529087311397,0.011373207537737743,0.012041369755109395,0.011710357388860695,0.01126654511402348,0.010470938969450477,0.010445743594526602,0.010993207768328626,0.01211852908412833,0.01093387543266795,0.011246255314292354,0.01097874124326086,0.009472207615990684,0.010782724840805077,0.011635913584090572,0.010984113079503713,0.010444549685432796,0.010968940523934158,0.012852440648482153,0.011275959459988227,0.011269217558289581,0.010972531231137608,0.012716051848549972,0.010313045156072186,0.010669101658286963,0.012515684160621219,0.011888801013231443,0.010313274486135119,0.011170219291919145,0.010149455185201467,0.011491330949508145,0.010741901074176635,0.01165074970637122,0.011187512610856232,0.010995666488040606,0.011505120081242529,0.011379327454191615,0.010884144364350033,0.011547349132298117,0.01052014866432069,0.01053222283405494,0.012313310133195077,0.01141092430096071,0.011313705941766323,0.011599890826358417,0.011408713438658702,0.011189331835663226,0.011212600548411748,0.011331311287771989,0.010507892678442066,0.011892751634648273,0.010664225936805983,0.011357379928591194,0.01112638050184732,0.011775684419639634,0.010575779201840408,0.011140321486069795,0.01058750002444291,0.011084415625539697,0.010825856527603539,0.010811004698360042,0.013029055268816573,0.010877230972196358,0.011821997052594943,0.01118659235990372,0.010655083057094693,0.013317555151374807,0.010133825682251223,0.01040695567264348,0.011209473824058392,0.011245033650572969,0.01106463210802676,0.012388414736115985,0.012200985456216912,0.01168004417649742,0.010457030714811454,0.009788932455247815,0.01156636192032065,0.010438718899149433,0.01135136926672994,0.01120673961577749,0.009879267845093045,0.01100060296194818,0.01077598569657548,0.01260523665327031,0.01035872617715462,0.01147114988109476,0.011355619600032393
0.010737921695730556,0.010568135173504804,0.010940990953185592,0.010939438609039532,0.010823192801536341,0.010905544888977525,0.01235294310160147,0.010585759312325096,0.011264448520364985,0.009790942379017894,0.010980685018348509,0.011433054758881515,0.011692226190302938,0.011280828318407411,0.0119964707490084,0.011619208790867292,0.011153050521467495,0.01033637163850159,0.010292939956614339,0.010889127816090095,0.012042766629603605,0.010819183520844294,0.011148630632389179,0.010865273343988296,0.009363660249115715,0.010649613715290147,0.011567945599369456,0.010889554527210714,0.01032757621672944,0.010850136079326219,0.012818371360899479,0.01115194133777131,0.01113530149730152,0.010776596005818444,0.012647017391530391,0.01020817311983634,0.010556574593921344,0.01245853162708482,0.011811240953648612,0.01013554536432604,0.011071403645691404,0.010098817344673428,0.01139808205363586,0.010630265260599661,0.011577196221339703,0.011079938522137917,0.010917846965456744,0.011415476341778997,0.011273246148746448,0.010782224241609586,0.011478172224515618,0.010405635377134877,0.010422639325696774,0.012217999623965909,0.011270124303803204,0.011223957910538072,0.011525791417890606,0.011291990137271184,0.011071213611572515,0.01106687019563116,0.011244631546973416,0.010375196808741539,0.011816210057224925,0.010482276316947715,0.01126202617906496,0.011036944486452947,0.011659706204833331,0.010465863145721219,0.011021442337539834,0.010447216521745534,0.010977797344353103,0.010732536256138861,0.010674956518203363,0.012932983047768612,0.010784616957171466,0.011726523092612842,0.011080271446811906,0.010521303159660138,0.013260887424771215,0.009961028600952618,0.010317808366129286,0.011110311519299487,0.011151383403618164,0.010946371993691754,0.01232926293286453,0.01215156801040626,0.011597834698097791,0.010315784017979637,0.009636971128918443,0.01147606438167624,0.010301294220463834,0.01128545922192755,0.011093487370349755,0.009773324929332326,0.010879268858091611,0.01066444023110845,0.012494548308923771,0.010195014782436696,0.01137601908804367,0.01125219795113504
0.010798476660252885,0.010588179081469643,0.01098306477033567,0.010969192374072137,0.010843656476333629,0.010933725249939564,0.012401749845801722,0.010614795418571132,0.011303987099344642,0.0097528385312098,0.011022530533749608,0.011500128124195173,0.011784797972664811,0.011336455491965138,0.012121534876911009,0.011683646849863795,0.011182325648719203,0.010324483732491218,0.01025998242639132,0.010922856682235785,0.012133939105007254,0.010839525928776378,0.011195297857059904,0.01088818198790285,0.009359738974105074,0.0106459196687873,0.0116574422207564,0.0109340685579533,0.01033478736555372,0.010866852801764842,0.012974108082695118,0.011169414759794365,0.011141814060027615,0.010707281706628912,0.012759344640602369,0.010226099496869633,0.010573784324724788,0.012579974933583721,0.011895291871771805,0.010071900623511208,0.011115094211290673,0.010176032591448109,0.011455073702423366,0.010650005447832138,0.011660646770909559,0.011113994851957154,0.010982056395240171,0.011477273384072515,0.01131320562306343,0.010816005499122539,0.011564109042926422,0.010417266744127433,0.010439868126313477,0.012291245566584149,0.011271908557216435,0.011281199839877416,0.011607436312115534,0.011320522413539322,0.011093669761726644,0.011058351169942658,0.011305669721207305,0.01036603414986919,0.011901499861823267,0.010421687533024424,0.011313745291468074,0.011090594128092256,0.011697373130854602,0.010483850543864297,0.011041749346491539,0.010431047277256975,0.011010819472605826,0.01077499121484036,0.010668787235906073,0.013021899254811653,0.010828943278527754,0.011788559283066406,0.011115865274904402,0.01051411791716643,0.01340118024587417,0.009898834642293278,0.010355915904282961,0.011154827779505097,0.011202815880182754,0.010965622045884386,0.012445604476520128,0.012274902022163449,0.011671920542859824,0.010295627982965724,0.009590558729293895,0.011538444114307616,0.01028562695660979,0.011371137617800528,0.011121706393769167,0.009780988675826423,0.010893940306170144,0.010685003970195896,0.012556928379612038,0.010147794951621285,0.011430773878570421,0.011295150552338904
0.010503713330598054,0.010272935314797315,0.010669254314201905,0.010646563212585362,0.01051907363914896,0.010610865478730188,0.012034201360732208,0.010305849908262695,0.010975802772146475,0.009426287438807603,0.010707297190719927,0.011184875765124055,0.01147750140511133,0.011019146122929048,0.011824133132162728,0.01135919683349421,0.0108511138102772,0.009996997547580252,0.009918554779253654,0.010604443936062136,0.011810325170506111,0.010515215465312333,0.010876112797680804,0.010564236338898794,0.00907299407930239,0.010311498790706836,0.011352817374577898,0.010624067722488065,0.010020122239082078,0.010538997284969511,0.012666033925581749,0.010829755176281377,0.010795488762377991,0.01032003919628476,0.01242623839352602,0.00992282547067941,0.010258071819526676,0.012261075976735815,0.011576775147757509,0.009714325357794018,0.010796402381680045,0.009918776746464412,0.011134293682334607,0.010332391195976384,0.011351103986420424,0.010788785669155464,0.010683809831531436,0.011159588138581804,0.010984798186914039,0.010502703002535722,0.011260503842408712,0.010102084740801761,0.010127594489490006,0.011947366149468333,0.010916105456360892,0.010967098158856402,0.011297350364700155,0.010983497306112066,0.010760794949197437,0.010702864062627004,0.010993422088672489,0.010038316521880159,0.011583413014414349,0.01005262502628061,0.010993893489403854,0.010782003190864958,0.011350886345688895,0.01017054159100397,0.010709346838021744,0.01009483436015824,0.010689464927903479,0.010469172238203445,0.010332686871316912,0.012659438729339037,0.010521670928015054,0.011456763783972892,0.010791792863372687,0.010181947680418631,0.013062439969432302,0.009549444781129375,0.010062785765063347,0.01083560439974441,0.01088681326768288,0.010635071439156991,0.012128425466909443,0.011970422046506217,0.011354058098787605,0.009961975316075318,0.009264137529392973,0.011217777375063678,0.00995558654204505,0.011074555584821186,0.010791760939501408,0.009486931876954055,0.010562501966807783,0.010366337141511545,0.012194150465118717,0.009799764253271658,0.011108339461422785,0.010969189877553883
0.010374376788553975,0.010125823903864095,0.010528276245960779,0.010499448995183241,0.010368713447038018,0.010463054739095834,0.011877594080072829,0.010163076402856932,0.010829503921695408,0.009260260247639056,0.010565721303313255,0.011049860561037126,0.01135181768494098,0.010880503200688757,0.011710855457470967,0.011220504438769874,0.010700980186128908,0.009837416860488488,0.009749033252706369,0.010459637497699195,0.011679197369486817,0.01036486358239991,0.010734437083053678,0.010414760609574879,0.00892952267546021,0.010151614768865388,0.011227468431219962,0.010484907196847639,0.009869698557952038,0.01038666934392986,0.012557589674874884,0.010673714969832451,0.01063460024494071,0.010126589590846462,0.012297795456452562,0.009778976133895537,0.010109847821173211,0.01213970916258976,0.01144536867516259,0.009531809658004738,0.010654178699166034,0.009806528205726526,0.010994693041531821,0.010184219433420818,0.011222547458832608,0.010641786863389627,0.010554056675919752,0.01102249199195913,0.01083825906485628,0.010359526084864632,0.011134411431974805,0.00995267733231402,0.009980485798222338,0.011804897302735314,0.010750897403166822,0.010829915505147074,0.011168208725559374,0.010831108276346304,0.01060841057464769,0.010534891671519608,0.010857801488418996,0.009879304783447852,0.011452490698676997,0.009867190389617921,0.010853318186872709,0.010645752265260721,0.011198017347136153,0.010023384001045365,0.010556426667908328,0.009931157002572527,0.010543513256457374,0.010330914777343396,0.010171651689770531,0.01251555280617242,0.010383444972044714,0.011315161764864714,0.010645649992728448,0.010021970969164571,0.012939988509809338,0.009369865156277387,0.009927722700915005,0.010693604115239359,0.010747618561234818,0.010482461046942382,0.012006252233872765,0.011854259363718374,0.011220258658286516,0.009798068737535366,0.009096203560130911,0.01107991565873286,0.009794393225261142,0.010950966881188406,0.010641787654149698,0.009343813180784862,0.01040861796470436,0.010218040179813283,0.012042733716278326,0.009624384135628135,0.010967897993479643,0.010824590654408904
0.010422929539857585,0.01013891326017351,0.010553490131762723,0.010511040638473844,0.010374640118860384,0.01047402496153613,0.011856768172853827,0.010186424023071832,0.010840741716487412,0.009235630893005683,0.010589864763665888,0.011085943382859988,0.01140685949674108,0.010909286351629563,0.011787935343678106,0.01124716075677898,0.010705024369883152,0.009825342620538496,0.009714062382972571,0.01047686842964129,0.01171789328827283,0.010371176969753116,0.01075720779584941,0.010422541767415743,0.008954299674853408,0.010137568856717594,0.011282792886794723,0.010514829002127205,0.009877671153186857,0.010387904840988942,0.012638988671757988,0.010664795487927094,0.010614291824026754,0.01003210707142943,0.0123371748167534,0.009801618403425996,0.01012216320329576,0.012195997982592023,0.011485846754919076,0.009467022239242954,0.010675633508782055,0.009895287427334852,0.01102155944951764,0.010195694458678385,0.011270589265384169,0.01065348722452575,0.010602244589523437,0.011053964108752663,0.010850102803108795,0.010381797947095454,0.011189301578518928,0.009961984218733925,0.0099951373608512,0.011816982548734364,0.010719585325374818,0.010862259108138898,0.011214223002797213,0.010830129363108728,0.010607551440098648,0.010499276040983583,0.01089365591256588,0.009868252478897756,0.011493779069562683,0.009793578505828005,0.010877983034404955,0.010681396438625443,0.011191834951846596,0.010037294740566652,0.010555300525427011,0.009909142539775994,0.010558234474086698,0.010363165674305681,0.01015526611859733,0.012516602473702142,0.010414937547383487,0.011333283034072352,0.010658909192687789,0.01000793428553703,0.01298581289951689,0.00931342165006918,0.009968484387133382,0.010714712534836628,0.01077495879920712,0.010482383996439788,0.012061844119918175,0.011924647342113744,0.011256319162262855,0.009776581988833952,0.009067176814181881,0.011108456566616947,0.009777257472460407,0.011011142694681453,0.010646262870197546,0.009368535998356681,0.01040493904482622,0.010228845927463467,0.012032652604173712,0.009576623283957326,0.010991167524528929,0.010838946780182952
0.010973218238921232,0.01064291730971446,0.011085007828853369,0.01102720988999012,0.0108801986581842,0.010988441497660373,0.012389814248630414,0.010702563018519705,0.011368544032167202,0.009668405338112451,0.011121642553586834,0.011648056745808332,0.011999917916525271,0.011457467850844548,0.012416987540862555,0.011805611457174311,0.011220707294691384,0.0102922045336776,0.01015366889327472,0.010997678387565086,0.012305737451819648,0.010877012625140323,0.01129387229467065,0.010931627657402396,0.009426690509917025,0.01061411212835324,0.011871408128390175,0.01104975497707026,0.01036699580749603,0.010889062073027376,0.013303376934520335,0.011165938775414783,0.011101854649060551,0.010423198227618056,0.012948317558726958,0.01030317256470079,0.010624793560558956,0.01281903158161574,0.012066939762021429,0.009867245886346522,0.011207979056324844,0.010466956929923775,0.011572030536538562,0.01070027335317685,0.011851393954681634,0.011175137141636269,0.011158771418087052,0.011610080494284532,0.011379106239664122,0.010904168358646658,0.011774164814758696,0.010455825447670564,0.010495776335792215,0.012381633913984304,0.011199982132869088,0.011412368026874994,0.011791016980288277,0.011345427284759681,0.011114630097376193,0.01096742647647344,0.011448513846157566,0.010337900337617561,0.0120759981018869,0.010196894804812654,0.01142096999162019,0.011228086942665888,0.011715162372949733,0.010538617903086155,0.01106028988312716,0.010369343848018815,0.011079333433634894,0.010894928334919033,0.01062991080206665,0.013095623030061256,0.010947900645002968,0.011886303342035985,0.011182264396332735,0.010479713992650684,0.013627044351005093,0.009716475317307302,0.010494412303761814,0.011247935384660032,0.011316775679182954,0.010985833778143843,0.012679249252914622,0.012551956097297557,0.011824592531832366,0.010232441875125795,0.009489129012400519,0.011663661579394465,0.010237253692993114,0.01159470234101535,0.011160244082192046,0.009856149328514764,0.010901748555649564,0.010733997859546911,0.012582874140199823,0.009998285611949402,0.011536772208327935,0.011369865977391055
0.010621267243173135,0.010301000661214726,0.010723989557175647,0.010665189675359527,0.01052440193221709,0.010627474920500151,0.011942469647079778,0.010361395282832753,0.010988982425607618,0.009366194956215653,0.010758891071779915,0.011260721145350549,0.01159948206465981,0.011078259994219656,0.011998912849035925,0.011407357811793766,0.010846666517556162,0.009963905158807145,0.009825153428718397,0.01063776392876687,0.011882094601053588,0.010521819360864427,0.010920354726425862,0.010574599317635007,0.009149026560356929,0.010267570158756734,0.011477819909721933,0.010691982128341661,0.010038508550995721,0.010532272427946894,0.012839754415638909,0.010790968570963557,0.01072793907808871,0.010062725535473887,0.01248988978936625,0.009980613864195935,0.010285410935457588,0.012372671971922725,0.011658112000082595,0.009544678923733637,0.010837895524181013,0.010154090958850349,0.011186510872060603,0.010355331050626929,0.011456365352463357,0.010805146144452644,0.010798595010925033,0.01122453578259318,0.010998787614723608,0.010552042418926865,0.011385562493557017,0.010122056796735925,0.01016069963568233,0.011945505983160184,0.010816484168292851,0.011036226208515514,0.011396430067635223,0.010963699724242472,0.010744747629682297,0.010594286299197942,0.011071398180008178,0.010006383835520598,0.01166649209018372,0.009854586619901316,0.011041650240580044,0.010863778347462997,0.011310102835392855,0.01020131416223836,0.010693224155665983,0.01003194601735978,0.010716206607977806,0.010545068248981163,0.01028373195816101,0.012616424918857198,0.010593797905785931,0.01147904386158868,0.01081245292347003,0.010139719796318442,0.01313258793983295,0.00940458737254758,0.010167150810831888,0.010876399853532776,0.010943221426215398,0.010622374972016693,0.01224047393048429,0.012125295828599975,0.011426139039898133,0.009902754308479849,0.009195128510630583,0.011272769925646877,0.009908363452700937,0.011216460225960446,0.010788946843379976,0.009556775668952876,0.010541287409251657,0.01038659805035874,0.012129575280358669,0.009673843606465822,0.011150586528328775,0.010989959154269039
0.010388156313959687,0.010082732870101085,0.010486946798622035,0.010428576440227925,0.010294177900732707,0.010391232834999655,0.011626561130168566,0.010143302024715663,0.010736386950242316,0.009188560672382834,0.010520634180659662,0.010997960344814713,0.01132244334575116,0.010824049145306455,0.011702065203484553,0.011135456973274992,0.01059976944560681,0.009762622392091365,0.00962552743972677,0.010401725038933822,0.011583688163422253,0.010292304685773575,0.01067126607418438,0.010343680133896006,0.008987734285764593,0.010048801977854849,0.011207315906774632,0.010457449928708805,0.009833510033542268,0.010302223869081733,0.012499954399403324,0.010544473802400398,0.010484366328482904,0.009839009486075218,0.012158244336623597,0.009778471886449557,0.010070667340099359,0.012050814776840056,0.011374461510337008,0.00935354334406998,0.010591729313498475,0.00995377463315377,0.010926666064273888,0.010134576734363632,0.011185038204434441,0.010560809685265914,0.010558798769617567,0.010964743001446814,0.010744994024614343,0.010323660373415722,0.0111196653610106,0.009911317817657568,0.009947580622721807,0.011637631908076828,0.010564261673676372,0.010784269179467114,0.011124344045467624,0.010710243037096912,0.01050230556880072,0.010351673015286904,0.010818071462446639,0.009801174250332488,0.011381846794109095,0.00964595240574579,0.01078715878649594,0.010623363095238642,0.011033906291987179,0.009986424311705353,0.010453387796706666,0.009821623333650959,0.010478645209460149,0.010317112255305218,0.01006681746651139,0.012268099714590362,0.010361146044993112,0.011198187630650027,0.01056824316426081,0.009926775348656929,0.012765433599310039,0.009222762230146361,0.009958851827033858,0.010629534880002262,0.010693629722712502,0.010385375419444525,0.011926050939643466,0.01182137587538431,0.011151938606693817,0.009699816689666556,0.00902581683517612,0.011007223340271294,0.00970582000130572,0.010959434894542918,0.01054421996843609,0.009375663221281683,0.010307361198783812,0.010163291646323867,0.011807752565779116,0.00947908959264466,0.010889696544699122,0.010735988545323694
0.010252269191183758,0.009955997942545503,0.010349604282650696,0.010291244323067198,0.01016049137837296,0.01025372101850033,0.011440724228104958,0.0100171422806493,0.01058991893029249,0.009084818616846837,0.010382735573487381,0.010845739598109074,0.011162127369528879,0.010676828837267033,0.011529887831093667,0.010977792914634087,0.010456407666352509,0.009646389949917417,0.009509633710743901,0.010264351961286602,0.01140979636706189,0.010159146668853477,0.010526476989818775,0.010209991054745208,0.008893519268809855,0.009921942152548286,0.011050918681968037,0.010321631282650803,0.009714572718006655,0.010168925794763448,0.012302731222090125,0.010401114011927552,0.010343000868315426,0.009708049881672207,0.011964533929707767,0.00966077818572127,0.009946603027299676,0.011863238582305717,0.011209874423853905,0.009242104086313707,0.010448384283246546,0.009838085373685192,0.010776159359365616,0.010006463584267076,0.011027903162331664,0.010418812266166375,0.010419542815299663,0.010814661525099153,0.010597587074890029,0.010191367016604988,0.010965907678800742,0.00978865986253174,0.009823269900440362,0.011457489657042942,0.010417193134420206,0.010638283283736966,0.010965929038633046,0.010563033327746196,0.01036150942563063,0.010209859421688273,0.010671286556572467,0.009682193247370314,0.011216528229361304,0.009524194366489953,0.010639361670282909,0.010484663554512162,0.010872461372388618,0.009861197828161732,0.010314080565860131,0.009699054530593505,0.010341045733775315,0.010184850339048084,0.009941751760128736,0.012063393384559222,0.01022565578295962,0.011034319662611423,0.010426411632860871,0.009803152042309572,0.012550357977763065,0.009116989750454744,0.009837916016605282,0.010486130935101453,0.010548619522964564,0.010247497515131569,0.011742970621204841,0.011645099122514109,0.010992399830450509,0.009581709700291095,0.008926992283080783,0.010853105669082814,0.009588067841779143,0.010810802160873224,0.01040192735120308,0.009270091125249907,0.010171164862925542,0.010033485843837538,0.01161906206204828,0.009365712293182563,0.010738055100291381,0.010588331304484666
0.009812651848952346,0.009526717540090759,0.009891096029140085,0.009829203844832086,0.009708334605151173,0.009794926322486531,0.01083792692723963,0.009590201147227658,0.01009857971330445,0.008714661584580244,0.00992112815348103,0.010346554693841555,0.010644437824544715,0.010189333617215447,0.010985881263276381,0.010459249884076248,0.009973765027554708,0.00923361731393768,0.009093109551982094,0.009808043119259495,0.010852877735716051,0.009707963294282558,0.010048639755950483,0.009755138536681819,0.008570367157047717,0.0094807088138446,0.010543215752567036,0.009869392418656229,0.009306576214552258,0.009713326328538769,0.011684340244934477,0.009915237371794223,0.009855286019240713,0.009228175095472815,0.011351187411603111,0.009265937206099589,0.009520702125585043,0.01127158528544037,0.01067610972046911,0.008829565845306385,0.009976223083607674,0.009465308683170965,0.010278683860537088,0.009572533742926033,0.010517149006146045,0.009944783297028015,0.009966133384898868,0.010316256095835218,0.010106678062874868,0.009747492522121018,0.010466865497316864,0.009373044375180847,0.009407537863346999,0.010876951455548541,0.009913214993135978,0.01015666296219407,0.010457168565516916,0.01006755448771912,0.009884509258497908,0.009723349158656067,0.010188872290744274,0.00926564309286736,0.010682085352706192,0.009077902451555599,0.010152126690689555,0.01002141196496939,0.010339402054276532,0.009441119985095387,0.009842148687170203,0.009272418060824869,0.009877541839645253,0.009746272561995572,0.009498880164919217,0.011410758589922151,0.009781077578183408,0.010501307499266638,0.009952464408579111,0.009372632099931453,0.011879195963492168,0.008723348119238864,0.009437320639469912,0.010010103724004895,0.010070713035173987,0.009782208974768924,0.011163290038267418,0.011086251579930062,0.010475741533609506,0.00916746102125057,0.00856841799158082,0.01034679211896076,0.009174373066267056,0.010328713726988722,0.009924201646626484,0.00891220872094478,0.009709559269710115,0.009595878926416225,0.011006966511221612,0.008954002093630826,0.010238975552566771,0.010097612319817692
0.009916564929520505,0.009619792966856765,0.009973854244385074,0.009903192485957887,0.009785690899680389,0.009871297240886995,0.01081550885176597,0.009689894734518239,0.010155360306303363,0.00882261431546891,0.010001744866191816,0.010411924705317504,0.010708614144587363,0.010257517644249798,0.011044246509824279,0.010508762149078303,0.010032462018614692,0.009323396238981332,0.009168962774883422,0.009888687906323067,0.010885941818302778,0.00978618523117608,0.010119742426713957,0.009831613127432998,0.008728424394569459,0.009554035244119437,0.010612352423656669,0.009958320614213876,0.009409639456174972,0.009785941122020095,0.011701480445020855,0.009965788617206385,0.009898247798937103,0.009236528230181245,0.01135175977585862,0.009384027331872295,0.009615776888097064,0.01129281470318243,0.010723293229391018,0.00889175245995672,0.010049775781765661,0.009626196149389345,0.010340782023440699,0.009662781959176305,0.010580980631463616,0.010012594389842979,0.010062533327082953,0.010379260073356218,0.010165014494897004,0.00983773713558171,0.010541212327921408,0.009472507457743739,0.009510150633038651,0.010883419390553623,0.009941544557464332,0.010230085648351366,0.010521222374873724,0.010116918713656553,0.009943689925593902,0.009760171087782744,0.010263751630673414,0.009354225934983047,0.010729287383577089,0.009116335168391849,0.010218785022685561,0.01010655783701736,0.01036436708603088,0.009540514533851399,0.009904516348637461,0.009350120952946852,0.009952529928761614,0.009844065447343568,0.009569640377162061,0.01136916537142199,0.009875187299086294,0.010538205686531065,0.010020810793438343,0.00945186771964772,0.01184865720976134,0.008800818989047872,0.009560629797383854,0.010080543161823495,0.010143447962275906,0.009849061637768422,0.01119104755278638,0.011133095103885037,0.010530612029191082,0.009252510242074921,0.00867996862409889,0.010403862329114161,0.00926069710253948,0.010414580458730656,0.009985922385071094,0.009051234470183418,0.00977601184963908,0.009683759822921014,0.010984194540758165,0.009026157211257439,0.010297610631281479,0.010156230339428264
0.010021945579558737,0.009713775138871466,0.010055085936735006,0.009974861216918313,0.009861609925892467,0.009946022629170995,0.010776920597839634,0.009790956909433508,0.01020679752438681,0.00893597377937264,0.010080446098647174,0.01047230072787039,0.010766671071194965,0.010321478735816977,0.011094637353414016,0.010551029875166375,0.010086584990103318,0.0094142805717304,0.00924483328556474,0.00996812677901034,0.01090880625241929,0.009863047942424851,0.01018767710109879,0.009906204648517502,0.008898296915175866,0.009626002298277389,0.01067610397305239,0.010046556290790863,0.009515519048208826,0.009856344977855524,0.01170338043917874,0.010011059437863814,0.009934944356321123,0.009236472896074955,0.011336759168556955,0.009507104270675651,0.00971184034273973,0.01130104584588265,0.010762256060415937,0.008953121078264936,0.010120759848811021,0.009796028614201155,0.010397728338749003,0.00975351648271468,0.010638962603953719,0.010077140240047435,0.010158886465683036,0.010436830881666845,0.010218415808117443,0.00992788602530575,0.010611130789216206,0.009574310435711986,0.009615575857080822,0.010876676047905839,0.00996193370048803,0.010300073209283734,0.010579979278540137,0.01016036956186581,0.009998590210028193,0.009790887831195983,0.010335304421567205,0.009443920000165737,0.010768314046276642,0.009150354282834564,0.010281363384284835,0.010189827851238403,0.010379964661390979,0.009642126710480864,0.009963193071477782,0.009427873974135796,0.010025103867267727,0.009942718428681234,0.009638324544108687,0.011307100515469,0.009969816278603268,0.010566565558866535,0.010085855965590503,0.009530820962707206,0.011797239250372698,0.008879604102381259,0.009688852167193366,0.010147684725255821,0.010213033036347957,0.00991306475158875,0.011206868993503424,0.011170280061866628,0.010578999172220107,0.009338759678218086,0.008797658457375639,0.010454957529710771,0.00934813447509112,0.010497748668397859,0.010043663587893083,0.009198756327007531,0.009839723141202971,0.009771858344501906,0.010944409682554926,0.00909841212124969,0.010350885762946259,0.010209874214387337
0.009781510495534268,0.009478962063696705,0.00979404395856281,0.009709544319118352,0.009605219505150215,0.009684581034961236,0.010381407008442154,0.009558710917006802,0.009913904721561844,0.00875313886969753,0.00981626286758273,0.010174664299578707,0.010453433566908149,0.0100338230585027,0.010759000745009671,0.010234633425230982,0.009801564889007623,0.009191253992387351,0.009016809929623339,0.009709482865639243,0.010559013635251094,0.009607473592712698,0.009909354884718792,0.00964679320013788,0.008763468084860447,0.00937737123232669,0.01037162895272445,0.009791808308481436,0.00929997431539603,0.009595685966266643,0.011298895584134492,0.009722150870499274,0.009642400869538891,0.008944664240384823,0.010935168059152863,0.009305945122439483,0.00947934543883979,0.010920554777471489,0.01043304972169006,0.008726095682091664,0.009847897901607137,0.009619533860660428,0.01010086348529265,0.009514381061742917,0.010331336933420681,0.009801217711519698,0.009905063876607117,0.010138631472779765,0.009926750301401758,0.009680348438174514,0.010314900281030598,0.00935243357374052,0.009394750420074044,0.010503476991069129,0.009654265750492223,0.010018384079055805,0.010275286322637982,0.009863187944339161,0.009718231178916337,0.00949975657978761,0.010053300000622031,0.009218364257416331,0.010438788550428513,0.008891321988586784,0.00999430442448339,0.009924494495018282,0.01004876864509352,0.009416875809052639,0.009687720289948893,0.009192914433511818,0.009758431747374405,0.009701240190513024,0.009386683542248657,0.010866916540779384,0.00972348313808303,0.010237335313265993,0.00980991250095388,0.009292267650864884,0.011343200540807157,0.008670701973509543,0.00948346592508115,0.0098703887745994,0.009934753985051543,0.00964425735096248,0.010837175746839537,0.010820292957817654,0.010265935592954906,0.009115101191860386,0.008624680759612612,0.010150173142365883,0.009124748874251368,0.010217514615909072,0.009763536060058316,0.009031773814914027,0.009573843100735542,0.009529581247298545,0.010540306323200042,0.008874017397586524,0.010052653313163297,0.009918422127800782
0.009770053796582752,0.00946116773436642,0.009753317026030234,0.009660302354510953,0.009563740610666118,0.009640428429341893,0.010192712594567247,0.009546331666429592,0.00983591596713136,0.008776716514452587,0.009771851160235406,0.010100475524761832,0.010369301308633692,0.009967127299495025,0.010658573375119005,0.010138274996019119,0.009729972382536624,0.009175820449993771,0.008989364571390384,0.009670037161044979,0.010433540157886879,0.009566857595059163,0.009851397839349482,0.0096019682402916,0.008851564577214685,0.009336573937924914,0.010295618691549605,0.00975917546779238,0.009300291355438544,0.00954744516107903,0.01112906696685139,0.009642769479050493,0.009554327876623038,0.008832872601978953,0.010757424108702018,0.009326759815071509,0.00946298055051405,0.010769136839661589,0.010327983484760495,0.008689640347612182,0.009795385975322292,0.00968414743932733,0.010024608530524868,0.009492035293727176,0.01025013854476161,0.009741986750847018,0.009879386727198756,0.010061218239410799,0.00985143588723248,0.009652866059474182,0.010247614720356178,0.009347457517447894,0.009393549245980728,0.01034659651645706,0.009548325975526016,0.009959188501812466,0.010197869796861311,0.009777977145131242,0.00964954821446101,0.00941032744400656,0.009995100294185745,0.00920185069789765,0.01033392337974777,0.008819487200943575,0.009927830310376104,0.009881804007908026,0.00992853857426393,0.009410416003631357,0.009624319112616714,0.009164448460122973,0.009708608063498554,0.00968330569627182,0.009340469113152854,0.01063871344815007,0.009701269397149472,0.010126591315462487,0.00975079457941156,0.009261831207095183,0.011114262523378198,0.008655347792489457,0.009505091108678893,0.009812059253652188,0.009877770025843042,0.009588512278174241,0.010696277679639437,0.010703178735091658,0.010176684421564457,0.009098062398760052,0.008656038926643515,0.010066230772528936,0.009108254264399533,0.010167747061812856,0.009697393995894945,0.00908739913423701,0.009519472610284485,0.009504207511008755,0.010345159288466558,0.008846470592877081,0.00997405893367006,0.009843531863293746
0.00985118286875957,0.00952389434335477,0.009804794659154967,0.009700901813047794,0.009607808786475918,0.009685134142122383,0.010127912046820056,0.009616319902029677,0.009856311533076563,0.008853952346451938,0.0098202803918319,0.010133287314902524,0.01040240103604499,0.010002101008230764,0.010688636583172987,0.010152282751976535,0.009752456671024643,0.009229555123648328,0.00902654451656904,0.009720266904362165,0.010432857700496114,0.00961159030488279,0.00989084934315136,0.009643874680120075,0.008991893741599526,0.009373020788229738,0.010333872436701384,0.009818093251067571,0.009373564896183456,0.00958451233222056,0.011112737365756414,0.009655224112622056,0.009555708229138229,0.008789960356736811,0.010721372305119407,0.009420464549175039,0.009525881374276828,0.010757164337867487,0.01034122345755338,0.008709199607390982,0.00983829846741717,0.009831802733206885,0.010052541069895496,0.009551222697876258,0.010282289855666989,0.009776252919253303,0.009950228516891802,0.010089318623531874,0.009874644893015504,0.00971255961752337,0.010291976136523872,0.009418104231657363,0.009469451988409884,0.010314969504999464,0.009534020669702523,0.010000845479141336,0.010232821804601493,0.009789440240294043,0.00967201550092253,0.00940637672809095,0.01003889301188223,0.009256005269848669,0.010347787284841203,0.008811543578220638,0.009962000262469989,0.009935257725893867,0.009914929771947635,0.009482100544929721,0.009650537654580663,0.009207017443005368,0.009749830333770228,0.009753517578810173,0.009371272045912996,0.010554504433702835,0.009768863774204184,0.010128459298249851,0.00978550286260143,0.009305476126284249,0.011045740382680707,0.00869244857018395,0.009605825971895495,0.009850093573786887,0.009919312597365362,0.009620732166498822,0.010691082390073214,0.010719258904481587,0.010199623259169129,0.00914849459799439,0.008736444020183549,0.01008948122153414,0.009160035908380411,0.010225904451701169,0.009723997760644133,0.009205495127165599,0.009551020316007835,0.009561320595557612,0.010279244707631896,0.008878981731417221,0.009999226211504394,0.009867659445767332
0.010037904713168264,0.009691552380020193,0.009962321582430607,0.009847854324808131,0.009757949317961092,0.00983647575496205,0.01017712232901274,0.009790861910559737,0.009984155101428334,0.009033974393796955,0.009974819045774613,0.010273928506879542,0.010543984131744353,0.010144333623919961,0.010828240316921128,0.010275012140398736,0.009882248273029989,0.009387024194026749,0.009167956804197238,0.00987696785421961,0.010542991947467066,0.009762298078999157,0.010037580653315517,0.009791650504760253,0.0092327908914758,0.009514883579870468,0.010479945185699951,0.009982797572155819,0.009550868560499234,0.009727521171513705,0.011209028972176195,0.00977530142602019,0.009664426421433905,0.008854381100684672,0.010798776745410861,0.009617976679729669,0.00969323369814416,0.010857404438843027,0.010463809561061695,0.008832919500488569,0.009988392971921554,0.010081280264792433,0.010188272026981046,0.009715612820911289,0.010422566843667179,0.009917617254322483,0.010127003957184468,0.010224842842782385,0.010005633151124677,0.009877771797909272,0.010443898670519657,0.009593386797652963,0.00965028664877803,0.010395685223128483,0.009628218071798937,0.010149584827502563,0.01037638968237889,0.009908876903235154,0.00980150531713749,0.0095105248068937,0.010189836291862328,0.009414463774236291,0.010471128480239258,0.008909287108001412,0.010103761047238535,0.010094547913065681,0.010011517380872725,0.009658753569664374,0.009783658236503288,0.009354796271908052,0.009897331586630673,0.009929096806746938,0.009506992714327662,0.010586178386906949,0.00994243611009032,0.010240303353559516,0.009927191653981616,0.00945414016215236,0.011093400421946469,0.008832794995451265,0.009810311195159157,0.009995106149946644,0.010067984760577612,0.0097597505756887,0.01079747683074573,0.010845554321121595,0.010331487890693658,0.009303494270410446,0.008918924527273189,0.010220956312117647,0.009316048394954968,0.010390780395448803,0.009857826063924801,0.009425677377598134,0.00968914089159715,0.009723946059601014,0.010327289199692294,0.009015711914727626,0.010132470107856567,0.009999458373095805
0.009966047305139013,0.009613265988531983,0.00986458306031444,0.009743619137221837,0.009660186777772542,0.009737191903624091,0.009963909053670306,0.009716022677129716,0.009856074724929973,0.008990975568671653,0.009873735170829812,0.010148591571095236,0.010410087135942875,0.010025074662346424,0.010681847501835259,0.010131798780267426,0.009759811027936107,0.009309335931925912,0.009081823663263839,0.009781512656904757,0.010377612449463367,0.009664992765054656,0.009926593883023629,0.009690323705142464,0.009242869868160352,0.009417364396460034,0.010352524572196199,0.009891544730098548,0.009487225638724568,0.009623650236097866,0.01100597388027201,0.00964698478259663,0.009528494087789425,0.008702038521579431,0.010591661459176373,0.009572052885310947,0.009614784153230985,0.010670923664607155,0.010313663535762494,0.008740588856409309,0.009882409254177707,0.010069923652201178,0.010061169876375734,0.00963342082497496,0.01029140095757777,0.009805530656187441,0.010042350943269244,0.010096048695923827,0.009880180952292069,0.009790810180380962,0.010323684056881718,0.009526221768600773,0.009586761267587644,0.010206198734100376,0.009479082950418966,0.01003662710597682,0.010250050717206891,0.009775350352556231,0.00968151970242098,0.009375563464343187,0.010077696129180021,0.009336868454491129,0.010321459239714491,0.008788395545996423,0.009985519579542947,0.009993951025449255,0.009851463708846849,0.009590686413728152,0.00966802538566584,0.009268709389414367,0.009792012047868899,0.009850473315569106,0.009403592478066672,0.010340720821538578,0.009861329156091685,0.01008735701647776,0.009815020608203384,0.009365436086073606,0.010845932152547791,0.008757129288915198,0.00976443305379232,0.009883671463645684,0.00995769423002057,0.009650840552824317,0.010619247758753118,0.010685422036807578,0.010195196654143398,0.00922640804644043,0.00888218345953723,0.010088215185935445,0.009239198795810375,0.010285067468017552,0.009740239337186114,0.009408665384198624,0.009581608344756885,0.009639703930033569,0.01010760041005119,0.008930209966530748,0.010004587573499998,0.009874711676334387
0.00999599284238283,0.009627914717345972,0.009860784135783273,0.009729763219082649,0.009652159566501553,0.009728871903619452,0.009825677909082823,0.009736552618115452,0.009816143437547348,0.00903560219707944,0.00986600179560439,0.01011734163380709,0.01037378827481158,0.009998701343833533,0.010637017837752656,0.010079036868066372,0.009724527682340833,0.009318512122254497,0.009076879289338868,0.009778741629979703,0.010303889596071323,0.009657505471153191,0.009908145367985205,0.009678616154987864,0.009356322068123778,0.009404903668657278,0.01032315909145339,0.009895864638202415,0.009516600532095082,0.009607718552448906,0.010900548948079203,0.009602494790632094,0.009472893629584327,0.008612164102391823,0.010472977700775835,0.00962428245843729,0.009628817778510471,0.010578266683278038,0.010256525425827154,0.00872224005469691,0.009869202985149483,0.01017422378302825,0.010025916946466266,0.009643503658942114,0.01025642805989924,0.009783342142251352,0.01005811959310127,0.010059720116437482,0.00984348487794581,0.009798097310865122,0.010302120747551697,0.009552289402551501,0.00961821419162969,0.010100632289707989,0.009407008328736985,0.010017964240237763,0.010220284170486474,0.009726964708516724,0.009647748769531263,0.009318134250213005,0.010060749201954667,0.009346680457856683,0.010265100525987024,0.008737137747563429,0.009959561086116517,0.00998912714598659,0.009773579642604986,0.009616930986158283,0.009638981662895093,0.009267157733532599,0.00977758706935462,0.009869167775479679,0.009383797554753019,0.010172310689893929,0.009877416673997483,0.010022560065663218,0.00979301569264749,0.009362595611126194,0.010685139022590013,0.00875866500773717,0.009820656888766844,0.009864202830826025,0.009940942558587426,0.00962946780677658,0.010535304595022547,0.010624159577034002,0.010152317868455865,0.009234659378422315,0.008932452766750925,0.010047275818835188,0.009248484388920302,0.010280391826744662,0.009710412229993751,0.009492688586904724,0.009560868263181366,0.009647521480717753,0.009964451304433687,0.008923189221531147,0.009967837007638388,0.009839297310661247
0.010007004255175552,0.009630048656128428,0.009845240847875572,0.009707277731278238,0.00963536420940602,0.009711130482422729,0.009699615965518212,0.009742383948081948,0.009771122875360166,0.009068724989358741,0.00984713939000515,0.010076469002943336,0.010326061274863406,0.009963055417794122,0.010579404354487003,0.010020755701423942,0.009684384361286186,0.009319161759201647,0.009068372593662513,0.009765052307972127,0.010226023381420094,0.009641096054191231,0.009880119095606509,0.009658408558196331,0.009442997431099569,0.009386910646196478,0.010281585417175996,0.0098866991337524,0.009532095923895175,0.009584740709308094,0.010789983296996531,0.009556032848668848,0.009418417197186618,0.00853806176586848,0.010356166085480255,0.009657686408736198,0.009630381229829737,0.01048183810298332,0.010192761454798123,0.008706224089980173,0.009845944017775027,0.010244661519325923,0.009982700633467534,0.009641752883327309,0.010210944824536237,0.009753499054136378,0.010056730106287305,0.010015114320877972,0.00980100781743935,0.009792435952466594,0.010267277000261373,0.009564751954488812,0.009634560848991558,0.009998618353433356,0.009339688054612768,0.009988529150730069,0.010179626814178415,0.009676005726455439,0.009609617824685977,0.009263977957384366,0.01003231228920869,0.009347693696916718,0.01020191843584452,0.008693727423937236,0.009924765800533298,0.009971311105478109,0.009697844819074333,0.009628919910516063,0.009604904274637335,0.009259713043374609,0.009754122848889173,0.009872211011350322,0.009359780238112979,0.010017544757878777,0.009878307962058915,0.009955041563438858,0.009763180797533374,0.009353004823824762,0.01053126834727032,0.008758739548723575,0.009855244635116297,0.009835678312265693,0.009913911059388946,0.009601893831632595,0.010446508774947969,0.010553100478473507,0.010101513309516022,0.00923563951208858,0.00897120284316278,0.009999095258465446,0.009250027288588323,0.010259678324842885,0.009674963403250757,0.009553657496123233,0.009534462758673102,0.009643894724583995,0.009832759853235234,0.008914581350580802,0.009923983233948453,0.009797837493071946
0.010024458124314174,0.00962950036967956,0.009830074878089087,0.009682035279927994,0.009614497843683767,0.009690943447662368,0.00956623879725893,0.009747699535992936,0.009723341790491924,0.009089892059183808,0.009828327946345609,0.01003903211584692,0.010286436807416135,0.009928867079340493,0.010535488657759462,0.009963845556334859,0.009639911211917854,0.00931023135853755,0.009045165228137917,0.009750366989464587,0.010153349770315212,0.009620631405343104,0.009852505443803792,0.009634233370731986,0.009529313556831578,0.009359649500369108,0.010247825288414005,0.009879016028921698,0.009543474568361946,0.009556251252255862,0.010694685743883494,0.009502319493856243,0.009353546590626403,0.00843618242241257,0.010245501445295754,0.009690894028393366,0.009628626566371177,0.01039512667247003,0.010133860056020124,0.00866840583530775,0.00982290276940928,0.010330051800141505,0.009940680206127667,0.009637036579376345,0.010171708272973616,0.009721300928967743,0.010061482715203407,0.009972371949169164,0.009756308669628953,0.00978640345965569,0.010240201203982722,0.00957383019661295,0.009649181453568826,0.009896144033881052,0.009260015492135476,0.009961463229644233,0.010145385607887006,0.009619738799848477,0.009565860096244177,0.009196647267915643,0.010007156975011299,0.009339892388615914,0.010143924477014093,0.008626843311425903,0.009890819854483911,0.00995598020855833,0.009616623741959858,0.009638862812677139,0.009565193103078741,0.009241433316075963,0.009728513138858577,0.009877403818759713,0.009325283197225582,0.009860954933681181,0.009881636785048801,0.00988768827541072,0.009731239587467485,0.0093341306109229,0.010385959160301834,0.008738700055746604,0.009893813782528548,0.00980688757463713,0.009888243415332345,0.009569096699914355,0.010367018420664837,0.010494246790625944,0.01005470200984847,0.00922566385218008,0.008996588467370717,0.009952669478099054,0.009241329377374565,0.010247773651626862,0.009635390615877443,0.009614528032960026,0.009501852813490903,0.009637350236256233,0.009695922344711764,0.008888360276300607,0.009880719889801567,0.009754660487616786
0.010162126816248356,0.009747606921794971,0.009931464407494458,0.009772431749596036,0.00970997804954407,0.009787175340458516,0.009536315872670023,0.009872094673138616,0.009788362402659264,0.009233305438986445,0.009925619559088383,0.010115184551511693,0.010359690279860303,0.010008796942572288,0.010603440439417544,0.010018331585490817,0.00970887613526412,0.009419270578043985,0.009138738116926528,0.00985263135182175,0.010190018494338256,0.009716537784080034,0.009940090401101305,0.009725850542077922,0.009744838232428579,0.009448290136274367,0.010327587326358367,0.009988720037753505,0.009675094298125544,0.009643167447187915,0.01070477814468181,0.009561226365558301,0.009400020714656458,0.008442662161021117,0.010239535272932154,0.00984685259009252,0.00974528792018363,0.010415624970419713,0.010185812312458829,0.008746189914190855,0.009915700031844022,0.010542929839928954,0.010011888142888963,0.009750520727158783,0.01024552463742752,0.009803956508061717,0.010184810321373973,0.010042535574442,0.009824900314888975,0.009898151137766422,0.010327519540997282,0.009702930088495682,0.009784496690844946,0.009900042311964756,0.009290235682484445,0.01004934873298507,0.01022504419466891,0.009675596012392505,0.009635713999939146,0.009240945592815013,0.010097127622333993,0.009450319880766816,0.010196912435507178,0.008672166290129832,0.009971220542158536,0.010056832992403833,0.00964474572729135,0.009768884058025102,0.009639634473495464,0.00934047060305244,0.009818389047693417,0.010001581866481223,0.009405648232141703,0.009804406263198789,0.01000384920211169,0.00993081941898976,0.009814113335705235,0.009432215757600265,0.010341008922019864,0.008836262926919011,0.010055321164605235,0.00989310825176976,0.009977868706510632,0.00965134727058377,0.010395611247395672,0.010545565829805406,0.010120432979027764,0.009333985963991534,0.009144753491857751,0.010018904600172072,0.009350881524667135,0.010351991499661683,0.009709895730204636,0.009801475395629198,0.0095843595761414,0.009748844227867596,0.009661741286133337,0.008978872571876743,0.00995067086299554,0.009824874870967082
0.010472489859821115,0.010032213136548042,0.010201305322488531,0.010029357027948209,0.009971296482086379,0.010050625370989856,0.009671710189842857,0.010164166862576238,0.010019760168476338,0.009537423093082814,0.010191092327323115,0.010361923608892593,0.010606490735949351,0.01025790242143742,0.010848449046490566,0.01024211655471459,0.009943446329511484,0.00968972508041672,0.00939066089619081,0.01012298827820891,0.01039892153745832,0.00997824866463344,0.010196606106462969,0.00998304317574345,0.010128415163531487,0.009699114906450684,0.01058039684093017,0.010267627111492225,0.009972288390583383,0.009894664481541835,0.010892860759070377,0.009784005085712907,0.009607880298419072,0.008599295940545204,0.010406658083012497,0.01017133364170707,0.010027738496091414,0.010611225768163614,0.010409304447316603,0.008977651783501664,0.010177423044627352,0.010933195087365215,0.010252269422137235,0.010030450966636014,0.010491523154963177,0.010053699021185006,0.010480445831142124,0.010281846625438908,0.01006065205781357,0.010177983682801713,0.010587998864851787,0.009998383260181265,0.01008759962689181,0.010072997444921352,0.009481037421412515,0.010307090637589694,0.010477556053540765,0.009896592670575131,0.009870241490114246,0.00944565860158189,0.010357606651444747,0.009723124288689822,0.01042175226725629,0.008870197956246415,0.010220759529118596,0.010327121938924714,0.009838496074158183,0.010066300065150892,0.009878871361198707,0.009601063922312997,0.010075091778120538,0.010295549846675401,0.009646811610668524,0.009916452027346001,0.010296397180048704,0.010143058725598588,0.010064101272487035,0.009692506562649307,0.010470928819408417,0.009088508480108453,0.010387790872252002,0.010147514093110837,0.010236855377395888,0.009898850094255163,0.01059891935398926,0.010773028621288988,0.010357416445119078,0.009603661513280614,0.009452392685838452,0.010254661635110929,0.009621834994456669,0.010629867091251907,0.0099502560363953,0.010156760632863873,0.009831330942598209,0.010026973112423643,0.009793855501111271,0.00922600101029141,0.010189529302183451,0.010062385805585179
0.010935722035344517,0.010462250491910642,0.01061576678135144,0.0104277962131293,0.010374251713415794,0.010456759486734949,0.00992978197510756,0.010603588809765625,0.01038901687301724,0.009985901122712101,0.010600427120928478,0.010751329977939825,0.010997887666522306,0.010649158368822277,0.01124003997769064,0.010604467967620079,0.010315733695571183,0.01010062162882946,0.009778289515112393,0.010537588125210213,0.010745949001866604,0.010381654778670372,0.010595979344535262,0.01038126168305953,0.01067230157538727,0.010087861195672588,0.010978444735375447,0.010692910745326467,0.010416111427550147,0.010285733566235555,0.011220088939215167,0.010141645274316302,0.00994705205269364,0.008872537488208215,0.010706409711855287,0.010648003906211992,0.010455012887086668,0.010944912153020792,0.010772755139573344,0.009338883915843211,0.010582676634439998,0.01149087197739408,0.0106335090466004,0.010455078712360776,0.010881181275674612,0.010444180942834691,0.010926732324586094,0.010662023840527703,0.010435219284503736,0.01060358250826281,0.010994822407499685,0.010440580035727658,0.01053929999164223,0.010376716569273423,0.009800000613524748,0.01070860332719859,0.01087482777827828,0.010253022857003054,0.010241913657942713,0.009780253812775952,0.010762637731506526,0.010137120310972325,0.010786896204591952,0.009192557034492023,0.010612336156081538,0.010742896136955083,0.010163841585548063,0.010511331633397758,0.010255955659405881,0.010000375385498547,0.010473522289911084,0.010738322291619236,0.010023891886721687,0.010150057296106475,0.010737739686951528,0.010491837649191052,0.010454932700588589,0.01009205088592445,0.010729212387827706,0.00947418348145921,0.010875236412873655,0.010544111603513479,0.010639388649452474,0.010285581858480683,0.010941211984185953,0.011143998732847377,0.010735964058876722,0.010013269880489643,0.009904215063753522,0.010630825651926745,0.01003308238430784,0.011056914127154491,0.010329263597691641,0.01066852825738476,0.01021699612676199,0.010449596300703851,0.010048997367182764,0.00960695877263316,0.010568777455731596,0.010439102518571233
0.011089227112803956,0.010602229007783662,0.01073505754729329,0.010539420125650872,0.010492304643259977,0.0105750276959595,0.00993093295023425,0.010746577747340221,0.010474529309529503,0.010161902207348134,0.010715370742552511,0.010841957454098848,0.011080797718428357,0.01074533210716654,0.011313975807955817,0.010675400730388973,0.010407160448834501,0.010235711358410603,0.009904335568244816,0.010660664821561338,0.01079779634051499,0.010499759009463316,0.010702378087323657,0.010494171965313761,0.010911554478562867,0.010203241896558196,0.01106808803243813,0.010819404591643655,0.010570762894066072,0.010395645604679092,0.011234324915108417,0.010226191439373759,0.010021239328304846,0.00892639502721332,0.010715768991649494,0.010825127451659458,0.010592148813939349,0.01097660284987013,0.010838316102823509,0.009457123163286393,0.01069532125585439,0.011710691746401053,0.010720986138813164,0.010590297754174796,0.010966896824700804,0.010547985837895927,0.011064264937310941,0.01074691222563627,0.010524360092062132,0.01073386814866125,0.011092192770307147,0.010593169475598501,0.010697415922464098,0.010402699323858264,0.009861467365136715,0.010812236486172938,0.010968740854990245,0.010332078009487428,0.010335540112419597,0.009857576580893503,0.010867548250043067,0.010274279025703902,0.010853651780422798,0.00927999722769182,0.010710665805906027,0.010857990420959755,0.010218020932762677,0.010664072135931004,0.010354225291406897,0.010129608303014235,0.010583175247981125,0.010879748111182239,0.010129992709398525,0.010119639857717962,0.01087833803472204,0.010555225937250874,0.010558520021236986,0.010217517053531886,0.010699260624276832,0.00961003084626574,0.011053433341960897,0.010649642192452709,0.010746941865826521,0.010392021202174629,0.01098095903428075,0.011202271488723296,0.010817524406499692,0.010151514540859871,0.010086232649260113,0.01071378393751686,0.010171774375635571,0.011170808885317058,0.0104266633497702,0.010877738827461259,0.010325012781558405,0.010583354061145809,0.010042267119303226,0.009733551480629344,0.010657218552137351,0.010530070922018558
0.01184527715377245,0.011306173972769997,0.011423303778622803,0.01120478246610016,0.011161679558979978,0.011250701160661191,0.010424147015058732,0.011463826202935222,0.011104234260311364,0.010878146253216132,0.01139677516910948,0.011503333153270411,0.011749882182540408,0.011406522232959076,0.011990532793198993,0.011301656276327428,0.011038971570466303,0.010907159136040996,0.010542381123896973,0.011348322709241205,0.011411150927476861,0.011169531085717901,0.01137296956053954,0.011157326283356358,0.011757720532018404,0.010848894769553816,0.011744754911692887,0.011522024323031359,0.011289607782396304,0.011048439889281256,0.011834723508963389,0.010837081942088968,0.010605570964533394,0.00941193753683947,0.011273602969564117,0.011589252913864465,0.011291051137314111,0.011579254863269455,0.011470193358053927,0.010055400384911591,0.011373195467923933,0.012590425153646724,0.011369720618924684,0.011287242631757288,0.011631841386750092,0.011204430360842066,0.011798584628055794,0.01139461386824354,0.011161509910191799,0.011434708612561757,0.011779522188936003,0.011311510232549709,0.011429705897993268,0.01095786046042036,0.010419921123373851,0.011487091202533075,0.011644343041783993,0.01094354693813887,0.010965082601203975,0.010434519234682511,0.011547777625040365,0.010951147794578767,0.011488189394353197,0.0098293777790102,0.011372117178450478,0.011549469923495927,0.01079303087128065,0.011387687734766646,0.010990369704328632,0.010787174343608702,0.011248845402312331,0.011604823260366152,0.0107589986895293,0.01058974170231183,0.011602739943696785,0.011164961600557327,0.011215548346694413,0.010876488286239895,0.011210686821516321,0.010239573400435676,0.011835205188228093,0.011315908474442016,0.011422422147339047,0.01104070007418323,0.011593310674042926,0.011851963992735325,0.011467311469504507,0.010821181951875028,0.010804718362556363,0.011357444444983449,0.010844069398708063,0.011884023197143653,0.011067145112159551,0.011684871691255724,0.010971353476588178,0.011278228004351546,0.01053369547362291,0.010360521490899291,0.011303566652967358,0.011170632571251813
0.011737968329665938,0.01120488304141071,0.011297504477927364,0.01107913275429636,0.01104384363295135,0.011129774353561708,0.010216364981716144,0.011360023383273566,0.010956471744155805,0.010827423810391307,0.011267670860965893,0.011346396245058949,0.011576604405837939,0.011258540193704394,0.01179982924371888,0.011132441225824073,0.010899258117691829,0.010815489917182921,0.010454568954329307,0.011228687203905286,0.011218993709817555,0.0110514962499891,0.011236060813820744,0.01103472350648133,0.011738081470674433,0.010739635344411726,0.011578407343671658,0.011399813297518985,0.011203381116439376,0.010926732204651183,0.011590741549865802,0.010697670006881578,0.010464308311161111,0.009292565166870161,0.011044305019250777,0.011514335481385,0.01118766799580537,0.011361260123513585,0.011289689183321329,0.009977078510110439,0.01124236623426057,0.012522208172073073,0.011214425224925804,0.011181904873028515,0.011465567821160963,0.01107097208795331,0.011677326523995562,0.01123606130154775,0.011015134814969114,0.011319312778651027,0.011619502847947475,0.011222329332167658,0.011341626718990007,0.010756042723894167,0.010272462311879596,0.01134356118650598,0.011485431671430004,0.010794969046459517,0.010830186683665,0.010302034537607583,0.011403327156809317,0.010859757864283075,0.011308173779727426,0.009728598599327246,0.011227323780603267,0.011415237026816072,0.010624947387561028,0.01129587444067312,0.010859116105464544,0.010693563306166134,0.011119752715634946,0.011494299893814433,0.010644041520548915,0.010345047718881895,0.011491303738135452,0.010992861330089065,0.011081532301474982,0.010776163986510844,0.01094470754179722,0.010172168344306634,0.011752699877271898,0.011180275139469276,0.011284956110812625,0.010915628384555454,0.011382818593582655,0.011650747472209289,0.011302546898926307,0.010735310255139666,0.010762631406061426,0.011198094480235721,0.01075795959291133,0.0117366155748031,0.010932265816270227,0.011638218671182803,0.010850329825257958,0.011171697025065685,0.010314466365630832,0.010279601638338806,0.01115146605590786,0.01102577613713848
0.011616666862718384,0.011092472875061678,0.011162826457657569,0.010946243980934686,0.010918046944414311,0.011000743211452182,0.010018606095146767,0.011244116230523328,0.010805066004948042,0.010762292178831812,0.011130251962855987,0.011184033621356311,0.011398188572475943,0.011104659894853581,0.011604753122472672,0.010960927676760471,0.010755356641137472,0.010714113852941404,0.010359432491309937,0.011100078420299421,0.011027047942818847,0.010925423800150814,0.011092204965025668,0.010904695550330282,0.011693684929653196,0.010623518413782495,0.011406068555594175,0.011267500344415269,0.011104128110819383,0.010798321023160511,0.011350591667790672,0.010555565919106231,0.010322234361423646,0.009178698851806442,0.010821294001453192,0.011422879697016318,0.011073307567526627,0.011145710162140991,0.011107201071455335,0.009893950785659378,0.01110388575193479,0.012429214962190557,0.011054428721416185,0.011066056526349047,0.011294189698723128,0.010931325137476728,0.011544030151929743,0.011072979024959847,0.010864540580326765,0.011193547489747619,0.011452394259844125,0.01112048219813509,0.011239943048431008,0.010559243696293288,0.010126567975973451,0.011192984820442212,0.011320633837037556,0.01064404553529472,0.01069103189394139,0.010169121193817307,0.011251502632556604,0.010758449457728001,0.011126029331568229,0.009627655750293139,0.011076579429414098,0.011272116527166896,0.010458531028198272,0.011191229924497602,0.010722926455825253,0.010591710432311063,0.01098344032860034,0.011371641832730834,0.010523412882782942,0.010114122386838393,0.011368027232172232,0.010820163363895552,0.010941305400868944,0.010667675687297656,0.01069060284517612,0.010097078209573796,0.011652789918398904,0.011037960773274286,0.0111402734685259,0.010784510691857376,0.01117362294634891,0.01144752075309582,0.011133891709218587,0.010639875721816301,0.010705553431179208,0.011034810272244166,0.010662175849702525,0.011579769541316452,0.010792422608521826,0.01157075641185966,0.01072330563107071,0.011054944276918678,0.010105803968382373,0.010191890039106869,0.010994945639937442,0.010876546591711115
0.011298438666218682,0.010782867599225579,0.010829166334569212,0.010614738011945287,0.010594044074762974,0.010673634312253487,0.009620995525979378,0.01093022627752023,0.01045378488364578,0.010503642582720258,0.010793478248940433,0.0108208223583816,0.011017723072575866,0.010750452199870038,0.011207327167767945,0.01058816948588463,0.010412174243335131,0.010415507466710884,0.010068250796391277,0.010773446479235204,0.010633609833126898,0.010600973562129575,0.010749187606375308,0.01057579210767653,0.011457367506991832,0.010309652660713375,0.011032085370506022,0.010936233379415397,0.01080832228982276,0.010471296177948343,0.010905567419776,0.010214527065200948,0.0099810747226744,0.008869259419836987,0.010395556705193747,0.011135825761953374,0.010760823219191447,0.010727420073251432,0.01072298710461051,0.009616292075144525,0.01076689214752018,0.012140103900643765,0.010693634179024665,0.010752604244791695,0.010921494242328269,0.010592733069283803,0.011212356663639112,0.01070863116114592,0.010514206171222914,0.010869215161958115,0.011083923476301986,0.01082235574218848,0.010942206308373288,0.010161485196945002,0.0097820883044965,0.010842353737051245,0.01095585953704757,0.010293360231071849,0.010352970137656244,0.009838677095726438,0.010899524056592344,0.01046037930838483,0.010742352607786027,0.00933127910613324,0.010726099300142448,0.010928822717375686,0.010092616665250584,0.01089028394016802,0.01038796152004222,0.01029370953995395,0.010647924165893219,0.01105095893833555,0.010204035505162619,0.009681629625815737,0.011047235364321133,0.010447283658743641,0.010602044873046326,0.010362123064384726,0.010232911918965436,0.009827581840939341,0.011356490636718557,0.010696631742813108,0.010796418725980798,0.010455151268113092,0.010761867741259576,0.011041368072127689,0.010764837805641905,0.010348490361638426,0.010455519362636327,0.010671010859294585,0.010370508357293633,0.011222387284961468,0.010453762723687613,0.011309570247368297,0.010398540889037324,0.010740757415766631,0.009696045497618813,0.009908974927723808,0.010638577385720644,0.010528023673667924
0.011568217479565403,0.011042484264459607,0.011073213185351165,0.010853600797778277,0.010837608348805627,0.010917594568211248,0.00978227274497216,0.011191376374276708,0.01067355588749593,0.010790591363000401,0.01103418490752153,0.011043745549484653,0.011234601806136122,0.010977497784704365,0.011418125403762299,0.010797044080559773,0.010636432523599604,0.01067118191597424,0.010318320168084313,0.011020861915694003,0.01082940676130273,0.010844427962777702,0.010984227977654144,0.010815224487904914,0.011790012470392,0.010551364197493595,0.011253917355025853,0.011185345945432279,0.011078501328078826,0.010708774117493308,0.011073203855044705,0.010434127679447224,0.010193114062793133,0.009068635775064652,0.01056108391312,0.01142259474737183,0.011017627462034807,0.010908565438551154,0.010927986679463457,0.009861665879359556,0.011006783002252633,0.012456606206174314,0.01091428316529618,0.011008586027914886,0.011140806201021668,0.010825973489902744,0.011469871449711722,0.010927110742416176,0.010736667787000586,0.011121151165341583,0.0113113205891201,0.011091419519482117,0.011215411226642413,0.010339506854748427,0.009985634240247739,0.011074841649739407,0.011182008266802188,0.01050862254487288,0.010578964375456761,0.010054038810356405,0.011132870142935104,0.010717977551123144,0.010948368062222751,0.00955444672033117,0.010955113950022095,0.011169078054362494,0.010290949964199105,0.011159535854959985,0.010617283238735255,0.010546250782176038,0.010884966009010134,0.011311202757450185,0.0104383578432604,0.009820066357818274,0.011307383863567133,0.010651800620694834,0.010835067903671145,0.010611374844483644,0.010370775992391409,0.010085365418580575,0.01164356615556716,0.010931129935676548,0.011032300830180775,0.010690603542821328,0.01094868497368456,0.011240802782294713,0.01098195178793435,0.01060740037002202,0.010746956930635492,0.010888817055392559,0.010629793534846974,0.011461923512565256,0.010682561425094292,0.01162002157103281,0.010635419633011976,0.010995891146144587,0.009850983416424014,0.010159918755512216,0.010860660030946701,0.010752148797143464
0.011275560949896655,0.01076949243686905,0.01077721529585231,0.010564550673345456,0.010556004779537675,0.010631518558498355,0.009456486634501233,0.01091098272801778,0.010370051156770858,0.01057062919992914,0.010736147905603627,0.01072107980495636,0.010891612052207338,0.010664582344900897,0.011055092958121238,0.010471031448547342,0.010341437555017282,0.01041632424492845,0.010078296354957099,0.010732873495730107,0.010483652236824096,0.010562245913261345,0.010681801197130986,0.010529379972265352,0.01156830412329439,0.01028536529166097,0.010916294959181819,0.010889107247286742,0.010817550284805319,0.010427032447176703,0.010673573354946557,0.01014571249883635,0.009909639736266233,0.008839267278252032,0.010191379607709636,0.01116232786364567,0.010742399045431913,0.010537879166455023,0.010588363722615826,0.009644189070422842,0.010709496864660613,0.012170547613754914,0.010596794340599184,0.010732897449832815,0.010806982216738006,0.01053115873491107,0.011166873315061502,0.01060573944070009,0.010432939240821906,0.010832850730315128,0.010977643455844385,0.010828193396386241,0.010950014359873368,0.010000886096653543,0.009703912071147876,0.010763132959876185,0.010854910366003435,0.010209633997717757,0.010289932390172453,0.009784072768538148,0.010818658469280333,0.010462862546175086,0.010608839393681435,0.00932643029073044,0.010646366665784102,0.01086179310477735,0.009982924399354325,0.01089227747853709,0.01033037441031484,0.010295297830844907,0.010591466531218717,0.011022054755958363,0.010169412245715622,0.009460796136064846,0.011018410075842804,0.010329183156270778,0.010539338999128862,0.010351760151234322,0.009975635886525547,0.009870493341781712,0.011369598174076458,0.010631228490790887,0.010727887591500045,0.010407378477098099,0.01058311461776364,0.010873682640114147,0.010655346943965591,0.01036116762194076,0.010535726990824716,0.010569029125102793,0.010382485375507828,0.011135024820841161,0.010390798729111255,0.011379147680300543,0.010357549176176376,0.0107198892600118,0.009512168063182516,0.009931156862914773,0.010548474764990103,0.010449575459716795
0.010958475730009472,0.010467278430817734,0.010449928105279827,0.010242389175534834,0.01024167468811971,0.010313261047037395,0.00908266706511527,0.010602160980252502,0.010029999713940176,0.01032390450417527,0.010406061874003376,0.010364070033782005,0.01051451070328557,0.010317532532584528,0.010658857096535227,0.010107570323077962,0.010010194239327133,0.010129447606070823,0.009803971077412982,0.010413797107642188,0.01009938338174374,0.010247279775300811,0.010346408664604775,0.010210069807915941,0.01133184509392665,0.009984842074228928,0.010545531191449202,0.010562763687444113,0.010528798543528563,0.010111078180676603,0.010233514713471975,0.009819380925295227,0.009586120389713024,0.008563391091042073,0.009778136985664664,0.010878477769731058,0.010437054124131888,0.010127472418472156,0.010211696467155373,0.009389855866835634,0.01038014089218379,0.011871273461776057,0.010243826561926263,0.010427112853498352,0.010439121460629653,0.010202241929958724,0.010836918328745698,0.01024879721837141,0.010093154092295262,0.010514359961369154,0.010611745015218613,0.010537234750858413,0.010658068327594764,0.009619020045129642,0.009380137308829138,0.010418537099184317,0.010495185810240726,0.009872402366739572,0.009964653611616702,0.0094738919705535,0.01047195273396616,0.01017630854202851,0.010232567189491837,0.009057133076693862,0.010303664068348891,0.010523054291246054,0.009633770627959686,0.010597700741880517,0.01000774377773869,0.010011460386947587,0.01026460096260951,0.010705096396556165,0.009864231337404059,0.009051219683745945,0.010701750696171314,0.009968145596590525,0.010209577869368276,0.01005905526904217,0.009532987832186089,0.009621364507230805,0.011073375447017782,0.010298212957489604,0.01039104485237842,0.010089670690873855,0.010178697802432836,0.01047079288718049,0.010293690862944186,0.010083138393079364,0.010298289556008497,0.010213605759740051,0.010103858838674032,0.010778583238896564,0.010063696467403445,0.011119328844796168,0.010045320204920716,0.01041367298567998,0.009124776210764997,0.009667504557288835,0.010201123056486747,0.010111614070969875
0.01097309136424995,0.010469482732918284,0.010426981967124969,0.010213998765486808,0.010220500697147113,0.010292424957935451,0.00895031676762397,0.010604234194150602,0.009973808815283772,0.010372231455428652,0.010377930628894451,0.010308410090081179,0.010447326525295161,0.010268917773005192,0.010582322124204444,0.010032984848183591,0.009961382616313085,0.010127919802844906,0.009798883123622872,0.010397407832984887,0.01000615238026813,0.010225563228484771,0.01031091757837241,0.010182088616593168,0.01144218935652567,0.0099634704954601,0.010486128513800848,0.01054626955515582,0.01054654675915153,0.010081461568162123,0.010094415489124672,0.009765777701476932,0.009523296833360268,0.008496672521359308,0.009642222259404197,0.01091936669021936,0.010433590351095824,0.010011442436673039,0.010130306098922433,0.009383852994734954,0.010352515889010382,0.011948770463420907,0.010185636925506022,0.010423521336132993,0.010377337672224606,0.010165439606328546,0.010832104283414995,0.010186929683409849,0.010040357001780438,0.01050270218331744,0.010560176947458914,0.01055391476436226,0.010680191610080767,0.009504700348654901,0.009307561676764017,0.010377469926875004,0.010445155277456836,0.00981077973935298,0.009919305400018032,0.009419130171035808,0.010431569537961207,0.010178044057881506,0.010152837457566843,0.00902044774635909,0.010258900042985504,0.010492167883354964,0.009550443311751132,0.010614221910674017,0.009966942009354026,0.010008183296399291,0.01023235683908053,0.010705211719273779,0.009831460928526568,0.008884250105180961,0.010702676701137406,0.009890231842775713,0.010172334587439887,0.010049172221075977,0.00935848380590651,0.009631447205810481,0.011112341258184916,0.010262730678792659,0.010356640591872933,0.010057958868626893,0.01007064256476781,0.010378199246838736,0.01023123182999132,0.01008872148858907,0.01035430880617577,0.010152348751769739,0.010110258134803722,0.010744892458199071,0.010021789236001704,0.01119603409874629,0.010016964981529554,0.010409275865323806,0.008981084983242127,0.009666099124703608,0.010147163801798954,0.010062147533565862
0.010783835111604781,0.010277943293492424,0.010216744292004514,0.010003018262862935,0.010014960787549092,0.010086323510606319,0.008681500502123008,0.010410186650017604,0.009745230068372482,0.010217756957619456,0.010164375428302133,0.010075063633661237,0.010202961564864313,0.010041480519289898,0.010329088893483664,0.00978954399976952,0.009738762742773728,0.009938160621832786,0.009611934303383906,0.010193076950853025,0.009749540763335292,0.010019445247061762,0.010093241464752763,0.009971639631420705,0.011318746618380188,0.009761533653560688,0.01024700695376395,0.01033907947414675,0.010365583010599725,0.009871383432313844,0.009801106884109068,0.009542674711339324,0.009296667567545913,0.00828374538186795,0.00935908809030924,0.010750732320949903,0.010237789997720048,0.009737471421104704,0.009880269685702832,0.009202908882859904,0.010140386144595927,0.011791880439279166,0.009952203990301873,0.010228232172813649,0.010138231234002634,0.009948950818517535,0.010629794142799548,0.009950395158281508,0.009813542728624492,0.010299874683230107,0.01032592224803723,0.010372356146571891,0.010501094401427003,0.00924028396839022,0.009077318939425883,0.010154188375291837,0.01021459736674502,0.009580761756526153,0.009699966957824192,0.009200997272972982,0.010207995786379417,0.009990419415063791,0.009903834297976156,0.008821865752225577,0.010034861973448366,0.010274433475986966,0.009308671321284538,0.010431756269808254,0.009750359628368703,0.009819838630954732,0.010017951606040937,0.010508461937145004,0.009622315521826347,0.008590142629623482,0.010506966625615254,0.009647158243798814,0.009955329893794964,0.009854785875935539,0.009050879537099737,0.009458735563102701,0.01093908902518138,0.010045706718744198,0.010139052449187795,0.009847081671769228,0.009801694112524193,0.010115839949138212,0.009994373058749529,0.009905748471856149,0.01020586701510002,0.009917305438740774,0.009927449510290077,0.010521460689909938,0.009803637585165219,0.011050575877181093,0.009809318614241688,0.010213755061085529,0.008702762513231339,0.00948423584883168,0.009917922881240639,0.009837628831478536
0.01076402084085279,0.010251770240495943,0.01017243467674409,0.009956377885682013,0.009973503235930287,0.010044976959952871,0.008570786923372513,0.010382563505021501,0.009680019213035915,0.010226106515735958,0.010116486511134525,0.010007900329366954,0.010126410361225129,0.009979598177432675,0.010245413770151313,0.00971070234030992,0.009679111765631979,0.009910789024371335,0.009584830354915877,0.0101542456181113,0.009658243299403515,0.009977443164916718,0.010041045655695047,0.009925142526745857,0.011365052651087254,0.009721428264815549,0.01017575974027621,0.010298561636772993,0.010349979440547559,0.009824484893176659,0.009675745449646436,0.009481075873770624,0.00922981047746794,0.00822219379869657,0.009239987749309581,0.010749866519242321,0.010207097507534112,0.009629848723646217,0.009795998347247384,0.009178410151842942,0.010093844785974294,0.01181024532027424,0.009883959458887015,0.010198091242867672,0.01006619306848488,0.009896722721833322,0.010596327521130064,0.009879189567015051,0.009750524726030324,0.010263127378360624,0.010259845138970422,0.010356357502298272,0.010488468265735552,0.009137839575370505,0.009005494123226623,0.0100971102655191,0.010151394131901827,0.009512907740879935,0.009643113758826368,0.009141564367248809,0.010151059120923797,0.009965582510321732,0.00982075504968221,0.00877784765052463,0.009976199547393306,0.010223384801738561,0.009227918048278223,0.010415406864841884,0.009696471281014,0.009793133402237489,0.00996812202152986,0.010479164618227657,0.009574193039671088,0.008455084984704382,0.010478755364693056,0.009567780281116744,0.009902660832193549,0.009822560360647548,0.008906644596940712,0.00944388622490657,0.010935325373534515,0.009993776598202822,0.010087329133220795,0.009799360659988331,0.00969924123488087,0.010021897513760807,0.009923466754323412,0.009884714767460452,0.010219809445937414,0.009847397881370843,0.009906778121362552,0.010467148449276011,0.009748737819386484,0.011073976046132902,0.009764397113527185,0.010183333672997286,0.008583194032874145,0.00946099378274783,0.009853522929636373,0.009777057648376834
0.011156120379810066,0.010608496771915953,0.010509548638412976,0.010279665216562291,0.010301807240371287,0.010377773776304548,0.008767823590032356,0.010744825240918836,0.009972668527043515,0.010610129628059385,0.01044728054288612,0.010317077161256922,0.010434530267335563,0.010291430578739148,0.010555747540305103,0.009993903092544224,0.009976255956556952,0.010246365541037566,0.009903288857860834,0.01049532618198358,0.009929710946107258,0.010305326946810058,0.010364732432758685,0.010246208186764591,0.0118449006208869,0.010036447123520793,0.010491131710535945,0.010645686638976887,0.010720492617420177,0.010139756958466833,0.009920764936896908,0.009765738870670889,0.00949607261928144,0.008438888687672098,0.009466384715066091,0.011155491780103196,0.010556604050369092,0.00988697123981841,0.010079958735322414,0.009477216639412976,0.01042547013320535,0.012291911977213825,0.010185063900172625,0.01054825729792869,0.010374998580916183,0.010212159767806124,0.010966976497536371,0.010177482759601812,0.010048860384904176,0.010611182821169015,0.010584015896399653,0.01072745215243002,0.010869952402634525,0.009371966548902913,0.009255984154734036,0.010419528006673002,0.010473219364020115,0.009793949961655822,0.00994061032136551,0.009409900036419623,0.010476601114569696,0.010306828495501845,0.010107273576166531,0.009038715151374863,0.010290842872765675,0.01055718022491751,0.00948402348879124,0.010789716890776213,0.009999236572212945,0.010123891264213368,0.010289017542076142,0.010845981549739462,0.009873674617929323,0.008626642462845604,0.010847053228685503,0.009843802291342381,0.010218059421741874,0.010149928038078772,0.00909546877368013,0.009764870585621548,0.01134895473017984,0.010315196387401832,0.010414174684235101,0.010113147044899445,0.00996418301128818,0.010311157473682211,0.010225902981034466,0.010224959248493395,0.010608175270688795,0.010145802058478846,0.010248834873989402,0.010812908369413819,0.010053876127370099,0.011518239738239696,0.010078850630078037,0.010532699734294337,0.008773200857041056,0.00977608574096418,0.010156988956256973,0.010079450737614591
0.010946314918129509,0.01039276401417692,0.010279353568396868,0.010048018613045512,0.010074138583713697,0.010150634004830305,0.00849083541048439,0.010527223910135759,0.009726615867877016,0.010422027973817949,0.010214075967966176,0.010069133617733535,0.01017906491171104,0.01004752357711212,0.010295675564591513,0.009737245693853255,0.009734680432483317,0.010028748153848814,0.009687010386428769,0.010270129438073058,0.009664706284596555,0.0100770444266076,0.010128998118468903,0.010014120303011622,0.011686355347235342,0.009809656855454452,0.01023976472897797,0.010418250502581135,0.010512673585283185,0.009907579388284148,0.009628999045679423,0.009523025829853505,0.009249165951493726,0.008198767158473338,0.00918091374086919,0.01095966049741031,0.010336356185813314,0.009609646834643382,0.009819313612817977,0.009264022140469648,0.010194487716842317,0.01211037859055771,0.00993618655239891,0.0103292625261787,0.010123359256061637,0.00997637253941332,0.010745761111145375,0.009925958828716015,0.009804640495407283,0.010386633632054318,0.010336587579029928,0.010519929881195772,0.010665341741083498,0.009099599631605927,0.009006256897890185,0.010179402539811713,0.01022957518278001,0.009546078102017738,0.009701280116133588,0.009170052448484779,0.010236559287455807,0.010091837099666738,0.009847757474678372,0.008810890279665879,0.010049945897490092,0.010320908689637831,0.009227839183404083,0.01058212201761167,0.009762134405799794,0.009908387588572718,0.01005444160899903,0.010627608467828021,0.009639796955896979,0.008331286670233374,0.010630225295001926,0.009588169947305943,0.009981847134675145,0.009929460143918292,0.00879201105820786,0.009558540030690222,0.011150531155375365,0.010079693576230392,0.010178837817903255,0.009881076836353739,0.009690552475188782,0.010043121478596082,0.009976116212708984,0.01001353928358074,0.0104244026571792,0.009896230645692743,0.010037712183894694,0.01057474055456382,0.009816208427842582,0.011341583817019708,0.00984920677132892,0.010313788962809833,0.008488672182068443,0.00956333489595967,0.009911982570723815,0.009837515732990368
0.011033025424496776,0.010481088500258813,0.010351453547115242,0.010120848040386158,0.010151772197796269,0.010227236617778688,0.008520050479304238,0.010612507869504845,0.00978545312317968,0.010543811380725455,0.010283605808686825,0.010121562614253284,0.010220770897970258,0.010105456418257178,0.010328366869411763,0.009782556205806139,0.009798872468960645,0.010121048620663157,0.009783837214560744,0.010347576248480265,0.00969824494297638,0.010154168647089049,0.010195210227435294,0.010087727753594079,0.011828287050608833,0.009892223105202937,0.01028585140636956,0.010492270013721923,0.010609905982901098,0.009982158158713785,0.009629400415070002,0.009588049258480334,0.009312677829679577,0.00828043676335612,0.009193190376488131,0.0110652304038352,0.010421302426948153,0.009627666451946916,0.0098580344517341,0.009368685121151148,0.01026527470304803,0.012219052766190168,0.00998940438567658,0.010414633493022298,0.010170145186995052,0.010044638655438275,0.010821998668055062,0.009976458593589938,0.009864607390313392,0.010464833343719325,0.010386505956599889,0.010616518676297959,0.01076324049642844,0.009129389661567774,0.009067791680603121,0.010240277860426025,0.010283298378196144,0.009604749324509611,0.00976864418155672,0.009241578153158564,0.010296811195199936,0.010185654975433906,0.009887202858551577,0.00890217863221961,0.010110888759125998,0.010386023136768223,0.009277519195811696,0.010677473678540498,0.009831652126375635,0.010002597524753527,0.010124188179197713,0.01070974598029708,0.009716983260684616,0.008338409959555655,0.010713194896417016,0.009634490630043086,0.010049609911874277,0.010018112068646747,0.008784190546956712,0.00966897647996445,0.011250686901918643,0.01014677383026089,0.010244807029303887,0.00995500925430655,0.009712671482726053,0.010069152347041461,0.010025746568668328,0.010112016219377754,0.010551603183376201,0.009948110506581958,0.010136126345237893,0.010632933961519203,0.00988391721573119,0.011465754229416758,0.009926200499107446,0.010399008557393043,0.008509417948475819,0.009665472269565005,0.009969002285506404,0.009899269044922169
0.011164036783052755,0.010599002697819248,0.010454961566769578,0.010219850476842525,0.010254646371334244,0.01033168178217651,0.008557502344352479,0.010730594192439836,0.009867231495779068,0.010686677449844384,0.010383519059446789,0.0102064287433371,0.010300499348672911,0.01019358002705636,0.01040574114252436,0.009855112094904792,0.009884724417170962,0.010232103063557705,0.009891404486318969,0.010455412347092755,0.009762458620585649,0.010256527520601863,0.010291734867997854,0.010185823464789204,0.012015074834603836,0.009992165112196345,0.01037007892829549,0.01060014250978371,0.01073646838249655,0.010078703024895929,0.009669499628779837,0.009669964117727964,0.009387085831758782,0.008346427060669242,0.009232624502661445,0.011208717218704922,0.010534350883558072,0.00968024912790812,0.009928214919568993,0.009473163177361656,0.010366944199487601,0.0123913750017581,0.010071570279882572,0.01052875841398736,0.010252510561010567,0.010138984464997615,0.010940036938186501,0.010056149205586591,0.009949089129497676,0.010574802025427507,0.010475558783647239,0.010743503120520912,0.010894859100212203,0.00917929200345006,0.00913636097372217,0.010333593531220889,0.010374284245576008,0.009682409596483333,0.009856022093625495,0.009321186847607583,0.010390996894112154,0.010299984906035127,0.009958787118702524,0.008987430588324564,0.01020173242116132,0.010484677276778613,0.00934348409291698,0.010805276190019994,0.009921841325032045,0.010113986579226852,0.010220656422488898,0.01082859697582193,0.0098082442846611,0.008357448445049062,0.010833489871451192,0.009705927701710877,0.010143653480945895,0.010125341515884597,0.008802386467762236,0.009783579207757572,0.01139454516205956,0.010242824692121963,0.010342401708890269,0.010051327854818501,0.009769628303783714,0.01013594997466278,0.010107733587178131,0.010228461318051718,0.010698330442083324,0.010029145681802043,0.01025317622252401,0.010733532741683826,0.009974371034966694,0.011631633779293049,0.010024234041576248,0.01051301073743462,0.008540168325694635,0.009774481592528979,0.010054312788307297,0.009986263467603822
0.010815821534481122,0.010273081184535033,0.010123518778857815,0.009898095387656547,0.009934795142831907,0.01000845078093928,0.00827250337996911,0.010397208243664026,0.009549598348706355,0.01038025949958478,0.01005298310155679,0.009871367882221293,0.009954507889261124,0.009862642981296146,0.010050013350397416,0.009528932739163866,0.009570133037141142,0.009922359712961848,0.009598311547200247,0.010127976490420328,0.00943257987642778,0.009936173263331958,0.009962956119691647,0.009865622767774246,0.011671178937338031,0.009685550930197713,0.010024281563808815,0.010264340814730856,0.010411120287823195,0.00976336068925617,0.009320666484279736,0.009364365569401402,0.009091180452974688,0.008103629097485927,0.008909345897737677,0.010871169531583548,0.010208144694237026,0.009343249196223948,0.00959488774043478,0.009201779574038131,0.010038527138256753,0.012009937687497658,0.009742185793310602,0.010203510140341057,0.009911870578434517,0.009817427065831894,0.01059300664072339,0.009725288918954907,0.009629227714301646,0.010242777009477936,0.010128281510505916,0.010417789783196053,0.010564428116581925,0.008869934766744733,0.008849269535136125,0.009999297506264083,0.01003422615358582,0.009371958440736374,0.009544668474838931,0.009033904422378477,0.010054080649152742,0.009989061224354688,0.0096248780531408,0.00872593365513095,0.009872796335028244,0.010146955919576952,0.009040848636405075,0.010476488142602545,0.009609406326078755,0.009810981649231136,0.009896588941046447,0.010489655331665577,0.00950458124742568,0.008065479288422283,0.010495296885874587,0.00938687148517061,0.009821512103815233,0.009817794175848221,0.008482821115230655,0.009503878300394153,0.01104601366255378,0.009916442693910838,0.010011491260244067,0.009737031923784703,0.009431781944770646,0.009786140422862051,0.009775088775075937,0.009923759400497991,0.01039500858752585,0.009700733184182572,0.00994738640515699,0.01038190757326841,0.00965881408402665,0.011290429006676473,0.009713094538010862,0.010188429848562225,0.008249808066232859,0.009489694445372746,0.009728536126580667,0.009666286640557364
0.010829292558663708,0.01027413977345155,0.010114374926467539,0.009885140861113147,0.009924478162694993,0.010000050305028336,0.008216105105266032,0.010398389722208941,0.009523818384715537,0.010398326525645202,0.01004095589973694,0.009849162274933794,0.009929377179057607,0.009842306361551954,0.010024787978282473,0.00949736075865174,0.009547229354769673,0.009915985540381313,0.0095889514243921,0.010122370520327112,0.009396521249548583,0.009925361459922701,0.009949154203172836,0.009851367465958681,0.011724422897740217,0.009671683516940083,0.010002266218050044,0.01025860156236499,0.010418125220230244,0.00974772999632819,0.009268465535306433,0.009338178531378302,0.009058492145390593,0.008062422358590013,0.00885582032406399,0.0108921085478532,0.010204796791351873,0.009299717481294304,0.009562411487110874,0.009189096282169006,0.01002873705505549,0.01205500303889035,0.009717450414884124,0.010201678951428074,0.009888356417305722,0.009801363627457298,0.010596276839956134,0.009698481512863316,0.00960585143163926,0.010238194982687694,0.010109868992681539,0.010425743688064638,0.010576527649487417,0.00882294358614505,0.008812575895410828,0.009983084070141056,0.010017978212294346,0.00934290890691878,0.009522596846028351,0.009005520378730087,0.010038733952625951,0.009985878769421488,0.009593660484319554,0.008699004457917317,0.009854772233079253,0.010134064461594072,0.009004246048483737,0.010485533393899111,0.009589443404182756,0.009805911807280476,0.009881617911643676,0.010492467243876591,0.00948329746134534,0.007996771469707786,0.010499769133604696,0.009355185203547405,0.009805169086752186,0.009809443197321318,0.00841495523448381,0.009498677620694148,0.011067869554406258,0.00990199353728407,0.009998623351901818,0.009721921421579257,0.009391179057991634,0.00975277177472904,0.00975152909460184,0.009922181622803408,0.010415448014773464,0.0096755647185285,0.00994619422975917,0.010372266379325399,0.009639522766123303,0.011328086034117814,0.009699074180068212,0.010186748601693144,0.008188402389794808,0.009481125284245233,0.009706492222860097,0.009644968325859959
0.010821207963402798,0.010253579930330213,0.010080735244322153,0.00984761709681402,0.009890285387270858,0.009967450587902438,0.008125942374468379,0.010377603503191094,0.009470990775220749,0.010400439467089089,0.010003960769199764,0.009798836483187126,0.00987440460504961,0.009794868292419314,0.009968525331493255,0.009436235916055049,0.009498016329979167,0.009888774189132123,0.009559259923578901,0.010092847831650757,0.009328693648722835,0.009890593941379887,0.009909461611802757,0.009812702631530229,0.011766231590078606,0.009634806658215669,0.009951452860004139,0.010228733531558797,0.01040506161205824,0.00970781088239246,0.009179432427887954,0.009285605402142894,0.008999332245015623,0.007997592074611289,0.008766560274902139,0.010894468904629936,0.010179300708454093,0.009221852027047745,0.009499378333259109,0.009157368133376602,0.00999383896320969,0.01208363936776762,0.009664585455132064,0.010177540481605414,0.009836008681580447,0.009759687234368961,0.010576089193837353,0.009643401493989616,0.00955533175525773,0.01021009588981032,0.010063248726407523,0.010413366571681529,0.010568369173716783,0.008742964119920432,0.008748699101960376,0.009940296511981916,0.009973867941818444,0.009286349074373623,0.009474820239893426,0.008951499449733015,0.009996694162804702,0.009961873806684672,0.009531978682294762,0.00865044912650991,0.009809945397753109,0.010095703928188152,0.00893816371749229,0.010473968996083508,0.009544065509173793,0.009779701352680123,0.009841565919095019,0.010472611392293335,0.009438331615513157,0.007890748810222298,0.010481531850344337,0.009293761065297362,0.009763230184977488,0.00977920851042545,0.00830774084968142,0.009475584017625088,0.011070542005082772,0.009862027149203428,0.009960018029851104,0.009682110419658269,0.00931704538745135,0.009687001844579823,0.009699227800025833,0.009900314342891802,0.010421125259879468,0.0096221220242459,0.009925073028586572,0.01033617059785775,0.009594515453072364,0.011350873792063626,0.00966102276455307,0.010162640290863893,0.008092028694359146,0.009453003196541878,0.00965698872176953,0.009597056038532415
0.01092117376299702,0.0103341159245072,0.010150232463321616,0.009910460138016863,0.009955814276582554,0.01003584220113504,0.008128196122247074,0.010459960353828675,0.009517673204980275,0.010497137739934909,0.010069841281562672,0.009853388854264596,0.009927783638089025,0.009850846462202526,0.010023882163115892,0.009477678953051967,0.009547391495851565,0.00995727031926243,0.009620549444193657,0.010165500410269156,0.009365330878306037,0.009955657019745975,0.00997261556461547,0.009873737349195324,0.011913025527362842,0.009693418045033892,0.010008658818351591,0.010303210386701341,0.01049259620257816,0.009766170678590286,0.009201076126152079,0.009329078444799495,0.009033173231616062,0.008009932681900086,0.008780780090566794,0.011001079174028068,0.010254753977695782,0.00925106684195207,0.009541251004942526,0.009210112094930233,0.01006166522234446,0.012228768938049675,0.009714897107092462,0.01025441784853203,0.009890265969548619,0.009818634027163767,0.010663676890702554,0.00969174724001125,0.009605170305888828,0.010285126282539506,0.010125017706420278,0.010501979421648742,0.01066278166170768,0.008761958691776331,0.008775665647854666,0.010001879209104055,0.010036449818769189,0.009327418446768324,0.009524549013275286,0.008988295032946396,0.010059839810949716,0.010034235072953281,0.00957543508608896,0.008683980125690214,0.009868110389524324,0.010162206682125589,0.00896825855541938,0.010564460313073105,0.009596492465670374,0.009847912425441502,0.009902527139718127,0.010557919166286905,0.009487709862475999,0.007879858059928704,0.010568509651445228,0.00933329349168399,0.009822024501363132,0.009844608081677595,0.008303898887777902,0.009539091345107333,0.011180678533425529,0.009924034826906394,0.010024822530818135,0.009740654673988682,0.009349999473062007,0.009731341703611908,0.0097515078774911,0.009973121227680322,0.010520150405580605,0.00967171134651789,0.009998755812081062,0.010409432821257029,0.009648367402785631,0.011478385437704521,0.009720272023309882,0.010239485660161087,0.00808961894649793,0.009513414067065771,0.0097097007003585,0.0096494644389731
0.011303514278524112,0.010664543714725421,0.01046471636305832,0.010205859838883358,0.010254653872280603,0.01034249565552576,0.00828845961466506,0.010798992166722901,0.009780843291228823,0.010842537679479902,0.010377056944310762,0.010143582491007393,0.010223900737712007,0.010140531295520654,0.010331039502187436,0.009737725715484787,0.009813236242659026,0.010253685437739846,0.00989197452003955,0.010482954004230752,0.009619839797569115,0.010253971610884762,0.010273868020015857,0.01016455990227319,0.012376686282454639,0.009969909402710066,0.01031150835168091,0.010629868236620507,0.010835156005869862,0.010048628539052647,0.009442416022543558,0.009577734958283684,0.009257223492199637,0.008156863806391187,0.008990264037089612,0.011387305000767083,0.010575922658883982,0.009497544423453087,0.009807429520873419,0.009450379705511677,0.010371193196275226,0.012716998750464111,0.009993204220533842,0.010577701550644313,0.010184071119183435,0.010106931254387391,0.011022549371104261,0.009967469729134685,0.00987575459227155,0.01060997983717178,0.010437196144924572,0.010846942829271589,0.01102181897817558,0.008969838188450386,0.008981130340825032,0.010304192133880088,0.010345206031998884,0.009575239278207522,0.009788647425687639,0.009211730765612287,0.010366915845784195,0.010338709829840061,0.009844967203773225,0.008882464186010732,0.010160429095760586,0.010475681649110963,0.009191012578679854,0.010915159552732314,0.00986624928050109,0.010139329795350838,0.010196112035153585,0.010906570492660222,0.009745075455804197,0.008021666116339922,0.010919839478460543,0.009585062266703,0.010110446215770529,0.01013409945170106,0.008478472299434086,0.00980473694498787,0.011581317419924218,0.010221426217823371,0.010330625278596664,0.010022912608422505,0.009603759084633927,0.010014215728828962,0.010036122139542051,0.010273992853731593,0.010867436993148705,0.009948158502761205,0.010301985913851673,0.010745613777848006,0.00992307339015723,0.011905140830371414,0.010001524400823383,0.01056231112367683,0.008245199207119733,0.009777275757356655,0.009989921788634679,0.009924861183972854
0.011419350102447986,0.010753984539947525,0.010543509007764573,0.010275398124368958,0.010326557074729003,0.01041837335782592,0.008286309016047256,0.010891860376351283,0.009832200684257532,0.010944978335304384,0.010451685367799288,0.010207232573071661,0.0102887876693179,0.010204731025844023,0.010400770819785863,0.009785435338880847,0.009866771709153978,0.01032617768872031,0.009953320752493753,0.010564380724344494,0.009663758406621764,0.010325421001418563,0.010345412771296011,0.01023159702416943,0.012541565529120478,0.010031308014218615,0.010380497975473385,0.010714915558216779,0.01093180544206154,0.010111764546275225,0.009474831494804232,0.009622992993058146,0.009289992304185198,0.008155559995468305,0.009009142041048966,0.011507361486344382,0.01065962539621011,0.009535384228184325,0.009857379728925095,0.009498023021433655,0.010447774618963268,0.012888602655014866,0.010050937634877011,0.010662969437003187,0.010248808128815456,0.010172285557372273,0.01112456495201929,0.010023405864989293,0.009930964796237328,0.010694690608038857,0.010511344413265627,0.010945032302877364,0.011127265488457327,0.008990578601567673,0.009004857592510667,0.01037517024882466,0.010419068067891347,0.009618934728018053,0.009841851006815719,0.009246023321941016,0.010440156612648643,0.010415797920364962,0.009896810968811492,0.008907523193591303,0.010226638422016007,0.010552468802717044,0.009221779106514024,0.01101602773893782,0.009922525966485723,0.010210438873973974,0.010264007964950769,0.011004049363075417,0.00979568453668035,0.008007409394587895,0.011019153323195327,0.009629554978895505,0.010175767884536994,0.010203047188265382,0.008477820755425537,0.009865544815520272,0.011707650772357019,0.010291261101476615,0.010404489903935017,0.010086223184087516,0.00964567648398048,0.01007077232774703,0.010097169795099604,0.01035029193733075,0.010971699774174585,0.010005156407986895,0.01037957062152076,0.0108331614794144,0.00998168120098273,0.012048603621234923,0.010064988247238062,0.010647485433804635,0.008239128539645176,0.009835945427511683,0.01004972946541726,0.009983049664908816
0.0116892067723697,0.010992271873745836,0.010767818972879312,0.010488144022658616,0.01054260754735634,0.010638950698921493,0.008404588874962522,0.011134650162280373,0.010021557104693438,0.011201045650088705,0.010670856152774928,0.010411541450833077,0.010493993997829859,0.010410146613613721,0.010610566819288346,0.009969384722186161,0.01005909889283981,0.010544548137696423,0.010157475718690556,0.010791836682406419,0.00984130085424326,0.01054101326782708,0.010560026590920661,0.010441708073519905,0.012875614542096108,0.010234878176112985,0.010591034052131085,0.010947187495274614,0.011179807000946718,0.010316985514901974,0.009635960758415251,0.009804931028008597,0.009456451960650696,0.008279087093697977,0.009153567283189914,0.01178434408662139,0.010891321757734844,0.00970406762454789,0.010043444652001247,0.009685023826261612,0.010668655460073525,0.013229173256804123,0.010248111839325749,0.010896066116326625,0.010453949658342574,0.010379450835667726,0.011377276434746578,0.010218363558760692,0.010125101453514857,0.010926894948946579,0.010728564001030609,0.011194345267107372,0.01138553514388234,0.009138423226674915,0.009159317810499005,0.010589099453293296,0.01063516224235089,0.00979872557971321,0.01003393320691109,0.009414058547973425,0.010656844338944657,0.01063949574722167,0.010085120683286163,0.009065335760863541,0.010434410087369114,0.010774378937156655,0.009383829022941667,0.01126854152698794,0.010118613949751441,0.010426170071822375,0.010474833600733107,0.01125192967422263,0.009986149034931823,0.008108805758442554,0.011268880140982554,0.009808641297572467,0.01038290133645156,0.010416189859500526,0.008595684753912538,0.010069642832429703,0.011992137399104714,0.0105037793194533,0.010621889958081785,0.010291119801432257,0.009819886035786991,0.01026392009500066,0.01029734736001542,0.010572933646510298,0.011230360982101277,0.010200890281930249,0.01060373099772404,0.011067308021672726,0.010180358396665489,0.012355362318349576,0.010270090029397659,0.010880254626618527,0.008352428325873813,0.010036792495175835,0.010249092531061522,0.010180674962739576
0.012113504477411769,0.011345256721435359,0.011100670990473236,0.01079501699570705,0.01085345357198498,0.0109605118476726,0.008533333186308292,0.011499471914396616,0.01028622342288452,0.011571036706001025,0.010994004010273072,0.0107133210539827,0.010804970929207831,0.01071070568971944,0.010938277540121498,0.01023103927529595,0.010326680808355353,0.010850758465615137,0.010429608912783037,0.011128080483944468,0.01009706795007165,0.010851124956098569,0.010875410817029722,0.010742086579836788,0.01340486917578762,0.010514909348669709,0.01091098673966023,0.011296273565422328,0.0115481571520076,0.010605989466625472,0.009878025210282939,0.010049090031451206,0.009667655057109295,0.008385138922818662,0.009350808368148632,0.012211247001568748,0.011231736351018111,0.00995089039145589,0.010314341620084386,0.00991462268576493,0.010994914317680652,0.013795586437974024,0.010533506902356181,0.011239403956279852,0.010761552006947143,0.010676986019548761,0.011770422298355112,0.010500774802960761,0.010399401367180282,0.01127295046047072,0.011060627382327028,0.011566119507552835,0.011776181962921264,0.009331429147048625,0.009345635921851786,0.010906486634730869,0.010962517705801136,0.010042250467872302,0.010298916707051386,0.009623544131066265,0.010980721453158284,0.010956469290803189,0.01036053226908318,0.009239776924404471,0.010738191177965043,0.011106490602506994,0.009594671854563044,0.011648224673137243,0.01039089836744386,0.010725418465125668,0.010779394954651189,0.011630165914568497,0.010240784803375537,0.008215436686447926,0.011650755400173123,0.010059213008370056,0.0106807405501346,0.010713351935960421,0.008748320245140339,0.010332843003182858,0.012439367655171417,0.010814115794776702,0.010943699604085037,0.010579911891821416,0.01007609907300609,0.010559209702975757,0.010592178944451398,0.010884513276848645,0.011602630011848416,0.0104842757197468,0.010918942730511012,0.011431430172880085,0.010459638672397057,0.012835927502062156,0.010557474682537088,0.011223015584206877,0.008475725114393439,0.010298228544736335,0.010537090280388671,0.010461746841285625
0.012880960881087793,0.012004737808790912,0.01173179326768393,0.011386425857691304,0.011450396949396665,0.011573710462575002,0.008857521044715459,0.012177661775940703,0.010815192601735746,0.012251813342539579,0.011610824892464698,0.011299738936743256,0.011406780602673526,0.011294583282037847,0.011565979194934527,0.010757207488976395,0.010859416269053275,0.011439066549109323,0.010965013678031632,0.011763450685806899,0.010615104412059201,0.011447116578001874,0.011480553646628259,0.01132381105279838,0.014324869443753496,0.011064445174225206,0.011525776806031797,0.011951936881316974,0.012230057046202308,0.011170188680285,0.010379202809624878,0.0105459839550137,0.010114577730789078,0.008668428574955943,0.00978198289066748,0.012980857416056224,0.011873043400924817,0.010457003903814167,0.010855201419234147,0.01038377474973383,0.011615833918633245,0.01477656186707104,0.011095024233414862,0.011884762810197444,0.011357355420252407,0.011254771297859465,0.012492283695387818,0.011058127033107861,0.010942951383868455,0.011923557639310155,0.01169343855148737,0.012253049412863972,0.01249157113108329,0.009754006568633374,0.009754542480461969,0.011515559050795553,0.011586989280136639,0.010539154211565283,0.010827236446655017,0.010066388544300265,0.011599763723304521,0.01156071674989697,0.01090807280721803,0.009626512288248922,0.011326418765804777,0.011737709379242487,0.01004222931866702,0.012347262559851977,0.010930136070357798,0.011302314928481334,0.01136791169755115,0.012328939293044263,0.010752714249803728,0.008508327613002584,0.012354664775903402,0.010567768607838247,0.011259047286912927,0.011288041222873904,0.009113366090531578,0.010852672340259384,0.013240600966544325,0.011411350602043773,0.011558538096223333,0.011143599481335661,0.010596117271345365,0.011138523709586406,0.011167856212225671,0.011479759442567981,0.012286081213423375,0.011042531206788846,0.011519539683222425,0.012111750238343733,0.011009618267485095,0.013684430774478616,0.011118433059422676,0.011867394259857481,0.008792936849780544,0.010816465474451208,0.011101596717052168,0.01101504922058098
0.012672958232521412,0.011772288449220725,0.011494306853568583,0.011141366253748628,0.011205824021824433,0.011333329266329658,0.008570424521666536,0.01194794206253977,0.010558788888870137,0.012022193813088016,0.011370191574548312,0.011054870561881773,0.011165690412595363,0.011048579408194955,0.01133313886489459,0.010501368463253872,0.01060347128056111,0.011189898993273118,0.010706864952707576,0.011527565159351688,0.010361183045541974,0.011202020689482114,0.011239236061633788,0.011075624792395308,0.014143101381744835,0.01080947404467162,0.011287083212036014,0.011718909761261748,0.012000738716820883,0.010918772593406907,0.010124902589627902,0.010283329117944605,0.009841935508946133,0.008366851826779051,0.009514516303320062,0.012769796037211675,0.011635231861432676,0.010202923443354564,0.01060348432277478,0.0101136951518078,0.011378009942638342,0.014608663024036244,0.01084472318547487,0.011649245420934814,0.011115278454924903,0.011007605903428565,0.01227426779406747,0.010806801775193177,0.010689450500893963,0.011688935889190928,0.011457852278575906,0.012025953013186623,0.012270645134427069,0.009483372262171868,0.009476254418014408,0.011274514254526202,0.011352183370403907,0.010276476028963099,0.010570278144461124,0.00979440851392346,0.011360750681489735,0.01131583391577562,0.010658018122540592,0.00934203898990702,0.011081880580950153,0.011499372743063405,0.009773546449394977,0.012123099395922297,0.010674980196374693,0.011053511720399865,0.011121665816560806,0.012104681475057005,0.010489115488259945,0.008218201974774552,0.012132643265848142,0.010310852480667255,0.011011938430559517,0.011038058554822767,0.008837355314012814,0.010591064497956599,0.01303609428825958,0.011168544249373483,0.011319420185822092,0.010893443961719318,0.010343895536220038,0.010896320666171818,0.010923058537037927,0.011233701112745112,0.012056637239564988,0.010792937791143986,0.011274828943370866,0.01188554478706284,0.010757242880917827,0.013488787188897766,0.010868019960637755,0.011632232560038864,0.008504089883304384,0.010555367690349185,0.01085331276361072,0.010764273120869604
0.012977385910555216,0.012016701269534085,0.011722560804204118,0.011348405181784867,0.011415865776087953,0.01155267156562245,0.008636570411440024,0.012201644787718046,0.010731688001222156,0.01227981125635839,0.011590348830339662,0.01125842597617045,0.011377183300859146,0.01125077701468612,0.011559741211442908,0.010672455523728286,0.010778652418226061,0.011394571877908113,0.010884235036782748,0.011758989861344889,0.010529059588434484,0.011411315496662442,0.011453829961061254,0.011276779208189095,0.014531688677527563,0.01099367605739533,0.011505779722442044,0.011960322450686315,0.012257146202735103,0.011110679236047596,0.010282931633552587,0.01043947527149632,0.009970940582328077,0.008411031670809466,0.009636095866259355,0.013074758885524982,0.011868531826465295,0.010364495144461661,0.010782697607310553,0.010256587053716442,0.011601679220786372,0.015028770689555673,0.01103460625371811,0.01188568179001448,0.011323993269407686,0.01120733418394017,0.012552709056524714,0.010994095511431594,0.010870351445420137,0.011927583196188356,0.011686307084621702,0.012285787189836011,0.012546299405713227,0.009600790002578777,0.009585723669710087,0.011490519412111403,0.011577846179826986,0.010432159717206249,0.01074321558392188,0.009922715830641962,0.011582133545581748,0.011529948982805219,0.010841089885017214,0.009440636402074288,0.011287026662661832,0.011726624227144102,0.009904164058630198,0.012389708717577842,0.010853772963669787,0.01125382492383402,0.011326557142999174,0.012370120290012917,0.01065190756842594,0.0082676469496717,0.012401652546328497,0.010473918070487096,0.011211869309785594,0.011236289809400694,0.00892441183946166,0.01076079005828518,0.013357892509565185,0.011378941812327808,0.01153938158892694,0.011085867011303405,0.010512741806112965,0.01109644824182401,0.011121882238924225,0.011443699611138674,0.012315847631398168,0.010981730603578715,0.011487820739100655,0.012140221126924589,0.010942077578188195,0.013837612452795363,0.01105932843940754,0.011868462120241343,0.008565633917821662,0.010724153560878217,0.011045908573722668,0.010950994337956061
0.01282189439896899,0.011881919993807454,0.011591002943707877,0.01122503595051122,0.011292070203652025,0.011425985487272187,0.008563681919728304,0.012062185605074782,0.010618752498129103,0.012145880262481902,0.011461098160767479,0.011133193672403447,0.011247316545398334,0.011126648208050541,0.011424119849751568,0.010558444709184213,0.010665876183409553,0.011273373688039195,0.010774906574481963,0.01162800469503555,0.010416109628414938,0.011287502807442075,0.01132719219470601,0.011154986002133618,0.014353255407338582,0.010879608937919533,0.011373790443281481,0.011824067011963158,0.012118911290440324,0.010992611486841868,0.010168499970547968,0.010334177285555933,0.009875039733639774,0.008351244176729796,0.00953831548099048,0.012920899530533294,0.011736095315029706,0.010252073362082064,0.01066503884573479,0.010161932715326605,0.011472812854927347,0.014832694207350868,0.010914340479619413,0.011753252685607691,0.011196109472445079,0.01108632197975761,0.012404219817333808,0.010873893977917314,0.010754965730682678,0.0117928705555176,0.011551276623381224,0.01214703421443233,0.012402479162588699,0.009507199704016516,0.00949786591806896,0.01136188129668354,0.011446182235375057,0.010325870926059294,0.010631724174338884,0.009829807721862411,0.011451458038457514,0.011406494638248006,0.010722375039368948,0.009360822909977183,0.011162911623952707,0.011593407261785107,0.00980774305277462,0.012248620159659355,0.010740423177951448,0.011136653301596338,0.011203023782109495,0.012226726195002879,0.01054374871633551,0.008198294863858997,0.01225796423470936,0.01036462892333994,0.01109057329285226,0.011118209242495255,0.008838088383421414,0.010656464539989237,0.01319674009575375,0.011253847201822702,0.011410755794460468,0.010968517445291865,0.010397848674558579,0.010969551971103341,0.010999182140472866,0.011323201201290033,0.012181916734603945,0.010862291355821988,0.011366064329517525,0.011996891243176237,0.010826542421632133,0.013670783862869802,0.010942986778723018,0.011736472302433803,0.008492488514814087,0.010619307684968857,0.010926153046171828,0.010834067580348284
0.012601503750512326,0.011674572238513854,0.011388408741169665,0.011027860402519619,0.011093779856834933,0.011226119744716566,0.008408947914339987,0.011851997412714017,0.010430858728096777,0.01193369079833656,0.011260382533272854,0.010938126023178453,0.011050934446340425,0.01093135047642131,0.011225811245123535,0.010372128903409357,0.010477237568224865,0.011073989897447177,0.010583014773615826,0.011425151324102066,0.010232989958963486,0.011089217431227804,0.011129067239487301,0.010958519335490814,0.01410826569845977,0.01068685093540203,0.011175247506243177,0.011617976580306557,0.011907659886023223,0.010798522687416701,0.009989917900862235,0.010150480369122422,0.009697775100591293,0.008195849095100623,0.009369250161758037,0.012698101856930514,0.011530508463336834,0.010072073900922969,0.010477521011562302,0.00997881764034351,0.011272568657633899,0.014581303143343792,0.010722385328948297,0.011547895313934731,0.01100028547482027,0.01089155366467976,0.01218994336801018,0.01068231279274038,0.010565308756028588,0.011587074295601758,0.011350047268035998,0.011935766320172878,0.012187745877977666,0.009337992326373652,0.009326649145010676,0.011163122377554903,0.011247097034650723,0.010142484553140076,0.01044342152998828,0.009653641807305626,0.011251450974948408,0.011205592972540491,0.01053411169337339,0.009190012680419534,0.010967299063476675,0.011390600996207478,0.00963304152138987,0.012036092119224065,0.010550497933235755,0.010940178810475534,0.011006099560166955,0.012014666038622557,0.010355496987616331,0.008049844009327446,0.012045825008894385,0.010181798630887053,0.010895672825239256,0.010921835224530607,0.008680578195899962,0.010465734288921473,0.012969928283687107,0.01105660275774336,0.011211365828466578,0.010775285804089896,0.010215402455089001,0.010778137526575214,0.010806656179344622,0.01112368496585402,0.011968804741854631,0.010671329962061762,0.011165734235245245,0.01178881845993298,0.010635561794330787,0.013436366409876903,0.01074999483324694,0.011531540970090624,0.008338766338632484,0.010429672775191749,0.010734213271519575,0.010643228003943545
0.012269381048785102,0.01135832079552638,0.011078113298530822,0.0107242139701568,0.010788602917249866,0.01091892831227205,0.00815798718753664,0.011532275393722828,0.010138857151359162,0.01161114865081385,0.010952402904995854,0.010637203806715415,0.010748535198376616,0.010630141218958741,0.010921461640486315,0.010082067609385022,0.010184152223804999,0.010767611656568381,0.010285891680243612,0.011114326079008464,0.009947034206125971,0.010784033123696002,0.01082418539135442,0.010655706818082008,0.013745458554758389,0.010388536096572852,0.01087032256354828,0.011303313020426,0.011586446976234415,0.010498661470371816,0.00971032110889605,0.009863445392293804,0.009418903916783952,0.00794443023102249,0.009100914692765806,0.0123625285404788,0.011216405014328702,0.009790256841343027,0.010186139073183912,0.009692701940593167,0.010965045294152697,0.014211299987344373,0.010425219938952561,0.011233996633397988,0.010698669422298449,0.01059078279736149,0.01186536108284239,0.010385830272639054,0.0102709020552062,0.011272660099750871,0.011041684474429549,0.011614494385896842,0.011862064070765841,0.009069176877937617,0.009055218489526961,0.010857594220602009,0.010941328082060001,0.00985582327777575,0.01015078070211025,0.009375852839499503,0.01094436192357882,0.010897197844710774,0.010241795270216607,0.008919263655542398,0.010665574272120962,0.011080172446853704,0.009357199481161142,0.011713233138007739,0.010255746397378872,0.010637135203946907,0.010702753177127442,0.011692581939785748,0.010062933508923526,0.00780713484689915,0.011723581929077834,0.00989599560680862,0.010594807066291494,0.010619038115466299,0.008426898561269765,0.01017009151954368,0.012629609629593195,0.01075297838405603,0.010905050157519358,0.0104763684988848,0.009930534771847545,0.01048227015447645,0.010508951774736734,0.01081685865355875,0.011645260967593685,0.010375549733430746,0.010858164451581576,0.011472116716312776,0.010339541432568964,0.013086563291407526,0.010451487405030149,0.011218141509475317,0.008089221457910935,0.010135297056629257,0.010437153158480716,0.010347551230743747
0.012328493017024437,0.01139501710622615,0.011112249562649798,0.01075031529793192,0.010814866983458581,0.010948862867375495,0.008140467740546614,0.011573104859328508,0.010155160829722176,0.011645657583213478,0.010984098072195688,0.010666317691816116,0.010782834618823298,0.010657592206542856,0.010963032404532043,0.010100572240011763,0.010200223415074929,0.01078877385123526,0.010295825774872897,0.011148547719604517,0.009966729208182748,0.010810146762185871,0.01085451759414778,0.01067951201886717,0.013824106141055253,0.010404140740848583,0.010906292528499272,0.011341964865842427,0.011625785748913584,0.010518798957180504,0.009733061451872992,0.009872247816496107,0.009417811965045576,0.0079073338433908,0.00910772573654551,0.012418093571819777,0.011249780394048075,0.009810763795970137,0.010208996628963352,0.009687959517555198,0.010997760150120496,0.014308400566644099,0.010449134109975312,0.011268413585305087,0.010730795863699117,0.010615165400950134,0.011917132144286356,0.010409269730754359,0.010290034060094247,0.011309453856189125,0.01108052062156797,0.011655201406825582,0.011908392499247711,0.009070805499642526,0.009047217481498318,0.010889563732578475,0.010978260781813041,0.009865827133950173,0.010165325811385196,0.009372821832068647,0.010978470788696066,0.01092153645181706,0.010265930310267766,0.008900739495840379,0.010693503441953025,0.011115427630090638,0.009359638879728105,0.011756719889632455,0.01027206186966524,0.01065622426830159,0.010728747657718569,0.01173841424822889,0.010071687012380476,0.007787860150868192,0.011770546154357667,0.009911254321056658,0.010619349144401841,0.010638552502322565,0.008424882140377208,0.010174224846431459,0.0126924878908101,0.01078149185568041,0.010937362217350513,0.0104968279855816,0.009952907787483032,0.010515442600966934,0.010536819373960869,0.010838677338216095,0.011679155062724681,0.010399240740319948,0.010881008442530794,0.011518861445244244,0.010358465881614565,0.01315432250474844,0.01047082320467059,0.011252504665397118,0.008071745430537854,0.010140865951795879,0.010461175258765195,0.010368365516888777
0.012009175926083896,0.011081484032514907,0.010806833742630053,0.010447449826392922,0.010509737057590472,0.010643426007261612,0.007875573198550633,0.011259073333933388,0.009861936172253534,0.011317848193001235,0.010680496634373886,0.010371734611620548,0.010491390576424895,0.010360905248011339,0.010674013404135504,0.009812984666100998,0.009904775656446674,0.010477608393285693,0.009987027623458263,0.010841300416504563,0.009685314626037694,0.010505158031046388,0.010553633330002306,0.010376600344984969,0.013472521174822118,0.010099962011426752,0.010612137755004518,0.01103408086016373,0.011307055032673973,0.0102167750036992,0.009465577001891715,0.009579072039409997,0.00912830238765843,0.007622870284564608,0.008841209350866793,0.012090693767339856,0.010938127266207458,0.00953652761735911,0.00992322656326035,0.00938096823357987,0.010694258526451051,0.013965240760381085,0.010155819898250148,0.010956914822147884,0.010437853218033187,0.010315213706361149,0.01160447714685288,0.010116970243327316,0.00999560438076638,0.01100023218886567,0.010783652082964584,0.011336822078299572,0.0115878895153757,0.008798009409403687,0.008761736219468581,0.010590107815718544,0.010681496544541029,0.009575007781025576,0.009868915820277019,0.009081375695773322,0.010678614608409688,0.010609211930898732,0.009979585528388422,0.008604834606070675,0.010395729692661941,0.010812206449065154,0.009076818513890375,0.011438206591640548,0.00997406795045988,0.010346203425669989,0.010427012668387694,0.011424704037601603,0.009771439015819495,0.007534070360839795,0.011456678594048808,0.009625449657645025,0.010319479873348235,0.010330419065179704,0.008171687004573037,0.00986122117009249,0.012364908710380413,0.01048070760183923,0.010635898573665726,0.010195664157326175,0.009675904399420607,0.010232265117311711,0.010244782338363529,0.010525530967003293,0.011348914400459967,0.01010702710264267,0.010567437046677626,0.011215596821122045,0.01006064987793826,0.012814398664951411,0.010168725775305257,0.010941350464414645,0.007810151221079162,0.009831412679772406,0.010166705164598224,0.010072760884599926
